60, 109, 0.0296727999993891
61, 110, 0.09948089999852527
61, 110, 0.128058799999053
64, 110, 0.16749139999956242
66, 109, 0.19638649999978952
66, 109, 0.23081959999944957
66, 108, 0.2747011999999813
66, 108, 0.30686169999898993
67, 107, 0.3349858999990829
67, 107, 0.3670492999990529
68, 106, 0.3988542999995843
68, 106, 0.4300841999993281
70, 107, 0.4617869999983668
70, 107, 0.4919166999989102
71, 108, 0.5235685999996349
70, 108, 0.5538956000000326
71, 108, 0.5862347999991471
71, 108, 0.6172772999998415
70, 107, 0.6488140999990719
70, 107, 0.675897499999337
67, 105, 0.7132404999993014
66, 106, 0.7427912999992259
60, 106, 0.7731041999995796
60, 107, 0.8050763999999617
52, 110, 0.8370302999992418
52, 110, 0.8680170999996335
44, 119, 0.8994104999983392
45, 117, 0.9309868999989703
40, 128, 0.963402399998813
40, 127, 0.9949428999989323
39, 135, 1.021988999998939
39, 136, 1.0558250999984011
45, 139, 1.091563199999655
45, 141, 1.1345316999995703
52, 137, 1.1654082999993989
53, 138, 1.1961522999990848
59, 130, 1.2281353999987914
59, 130, 1.2623101999997743
63, 122, 1.2911907999987307
63, 121, 1.32189279999875
66, 115, 1.3528165999996418
66, 115, 1.3850280999995448
67, 111, 1.4160974999995233
67, 111, 1.4469360999992205
68, 111, 1.4795453999995516
67, 111, 1.5115575999989233
66, 115, 1.5561912999983178
66, 115, 1.5890260999985912
66, 121, 1.620674699999654
66, 120, 1.6522831999991467
69, 128, 1.684337199998481
69, 128, 1.7157503999987966
77, 130, 1.745521999999255
77, 130, 1.777742099999159
87, 124, 1.8119357999985368
87, 126, 1.840956099998948
95, 117, 1.8765363999991678
96, 117, 1.9170001999991655
100, 110, 1.9566536999991513
100, 110, 1.9952264999992622
100, 109, 2.0255287999989378
100, 108, 2.0588674999999057
96, 112, 2.090934500000003
96, 112, 2.124982599998475
90, 120, 2.1530995999983134
90, 120, 2.187005899999349
85, 130, 2.2150991999988037
86, 130, 2.2416861999990942
85, 138, 2.279507100000046
86, 138, 2.3116651000000275
91, 140, 2.3445575999994617
91, 140, 2.3743378999988636
96, 135, 2.420919899999717
97, 134, 2.4518513999992138
101, 127, 2.4900756999995792
102, 126, 2.5306070999995427
103, 120, 2.560609599999225
103, 119, 2.593076999999539
102, 116, 2.6231149999985064
102, 115, 2.654891599999246
102, 114, 2.688223899998775
102, 113, 2.717144599999301
102, 116, 2.7479494999988674
102, 116, 2.7777370999992854
103, 122, 2.823665699999765
102, 122, 2.8533240999986447
105, 128, 2.884615799999665
105, 129, 2.923564400000032
111, 130, 2.9530404999986786
112, 130, 2.9859683999984554
120, 125, 3.0153049000000465
120, 125, 3.047703199999887
126, 122, 3.0838342999995803
126, 122, 3.126667599999564
129, 124, 3.158189999998285
129, 123, 3.1911287999992055
128, 129, 3.2206329999989975
128, 129, 3.255476699998326
128, 136, 3.288272899999356
127, 136, 3.3312843999992765
132, 138, 3.362347599999339
133, 139, 3.3957596000000194
142, 135, 3.4248711000000185
142, 135, 3.4576663999996526
147, 132, 3.486675899999682
147, 131, 3.5198652999988553
150, 130, 3.5498139999999694
151, 130, 3.5818278999995528
154, 132, 3.613945299999614
152, 133, 3.6498468999998295
155, 140, 3.685287199999948
154, 139, 3.725781299999653
154, 150, 3.7587705999994796
153, 150, 3.7904954999994516
148, 159, 3.819603799998731
147, 160, 3.851168699999107
139, 166, 3.879051099998833
140, 166, 3.912017199998445
133, 164, 3.9440094999990833
133, 164, 3.9781219999986206
134, 157, 4.020852499999819
134, 157, 4.054895299999771
138, 149, 4.0850690999996
139, 149, 4.117300099998829
149, 139, 4.150560599999153
150, 139, 4.1796798999985185
161, 131, 4.21291519999977
162, 130, 4.255881599998247
170, 122, 4.288221099999646
171, 121, 4.323178999999072
175, 115, 4.3522102999995695
175, 114, 4.384944899999027
177, 111, 4.414126099998612
177, 113, 4.4477514999998675
177, 116, 4.475123099999109
176, 116, 4.509572099999787
176, 125, 4.548836399999345
176, 125, 4.58526879999954
175, 137, 4.617307399999845
175, 135, 4.647853499998746
177, 145, 4.679455599998619
177, 145, 4.713047799999913
183, 146, 4.741864699999496
183, 145, 4.775761599999896
188, 142, 4.805100699999457
188, 141, 4.835744899999554
193, 133, 4.8688509999992675
192, 132, 4.9139435999986745
193, 126, 4.950771699999677
193, 126, 4.9902524999997695
192, 124, 5.022822799999631
193, 124, 5.053223899998557
192, 126, 5.085889499998302
192, 126, 5.118332000000009
192, 132, 5.147871399998621
192, 132, 5.179944599998635
194, 140, 5.209924199998568
194, 139, 5.2430818999982876
198, 146, 5.271980199999234
198, 146, 5.304599199998847
205, 145, 5.33392449999883
205, 145, 5.367232399999921
208, 139, 5.412722099999883
209, 138, 5.446229199998925
209, 130, 5.477038699998957
209, 131, 5.508284399998956
207, 123, 5.546950999998444
206, 122, 5.584919799999625
205, 118, 5.613769099998535
204, 119, 5.64707559999988
209, 116, 5.675185999998575
208, 116, 5.70752789999824
216, 115, 5.738820999999007
215, 116, 5.770473499998843
224, 116, 5.813275900000008
223, 117, 5.853054599998359
225, 119, 5.8805788999998185
225, 119, 5.9165565999992396
223, 124, 5.944744799999171
222, 125, 5.971218899998348
218, 133, 6.007235499999297
217, 135, 6.042136299998674
222, 142, 6.069095099999686
222, 142, 6.104350099998555
232, 146, 6.165441899998768
243, 137, 6.246279699998922
248, 132, 6.278621399998883
249, 132, 6.313035199998922
250, 125, 6.353888099998585
249, 125, 6.3880442999998195
246, 120, 6.417862799999057
246, 118, 6.4514008999994985
237, 120, 6.512139099999331
231, 124, 6.543099399999846
232, 123, 6.57525319999877
231, 134, 6.604878299998745
231, 134, 6.6368403999986185
239, 142, 6.6769606999987445
239, 142, 6.713675999999396
251, 147, 6.74576739999975
253, 145, 6.773852099999203
261, 142, 6.8072423999983585
261, 142, 6.839989699999933
268, 135, 6.8713820999983
268, 135, 6.901166999999987
270, 129, 6.935586799998418
271, 129, 6.97919439999896
273, 126, 7.0092650999995385
273, 126, 7.043039099999078
275, 125, 7.077122799999415
275, 125, 7.120806699998866
276, 129, 7.152139399999214
276, 129, 7.185665899998639
277, 138, 7.214157699998395
277, 140, 7.247266299998955
273, 154, 7.275840699998298
273, 154, 7.308948599998985
265, 170, 7.338264499998331
263, 171, 7.3714619999991555
248, 177, 7.405560799999876
247, 175, 7.439652799999749
241, 169, 7.479449499998736
240, 170, 7.512861499999417
241, 159, 7.5431736999998975
241, 160, 7.575653299998521
248, 155, 7.6058153999983915
248, 155, 7.636829099999886
258, 156, 7.67038489999868
257, 156, 7.7030406999983825
269, 159, 7.732913099998768
270, 160, 7.767632899998716
281, 166, 7.795957599999383
280, 166, 7.829595599998356
290, 169, 7.8624012999989645
290, 168, 7.891536499999347
298, 168, 7.944327499999417
