82, 82, 0.03337160000046424
82, 82, 0.10103309999976773
81, 82, 0.13155860000006214
81, 82, 0.16202750000047672
81, 82, 0.1928849000014452
80, 83, 0.2230572000007669
80, 83, 0.2542554999999993
81, 83, 0.28569919999972626
81, 83, 0.31713480000144045
82, 82, 0.3495192999998835
81, 82, 0.3806746000009298
82, 83, 0.41169670000090264
82, 83, 0.43863990000136255
82, 83, 0.4758711000013136
82, 83, 0.5087012000003597
82, 82, 0.5358845999999176
82, 83, 0.567855100000088
82, 81, 0.5989189000010811
82, 80, 0.6305155000009108
79, 78, 0.660969100001239
80, 78, 0.6930773000003683
75, 78, 0.7217730000011215
75, 78, 0.7494521999997232
70, 81, 0.7864819000005809
70, 81, 0.8196661000001768
64, 86, 0.8503238000012061
63, 87, 0.8824162000000797
57, 97, 0.9094708000011451
57, 97, 0.9434756000009656
54, 104, 0.9868400000013935
54, 104, 1.0217262000005576
53, 111, 1.0532732000010583
53, 110, 1.0835705000008602
56, 113, 1.114761400000134
56, 113, 1.1451573000013013
60, 112, 1.1807630000002973
60, 111, 1.223170700000992
65, 107, 1.2537093000009918
64, 106, 1.2853764000010415
69, 101, 1.3152351000007911
69, 102, 1.3490512999997009
73, 95, 1.389680899999803
73, 95, 1.4264634999999544
76, 89, 1.4529288000012457
76, 89, 1.487382000001162
78, 85, 1.5187232000007498
78, 84, 1.5526463000005606
80, 79, 1.5839778999998089
80, 79, 1.613973800000167
81, 78, 1.6472060000014608
81, 77, 1.6755441000004794
80, 77, 1.7102399000013975
80, 78, 1.7399686999997357
79, 81, 1.7875930999998673
80, 80, 1.817187600001489
79, 87, 1.8511628000014753
79, 87, 1.8792164000005869
78, 97, 1.916927800000849
78, 96, 1.9438351999997394
78, 104, 1.9821455000001151
78, 103, 2.0223370000003342
81, 106, 2.0527919000014663
81, 106, 2.079496600001221
90, 103, 2.1135369000003266
90, 103, 2.1502735000012763
98, 97, 2.192385899999863
99, 96, 2.223580400001083
108, 89, 2.255471700000271
108, 88, 2.2875185000011697
113, 81, 2.3174647000014374
114, 80, 2.34916770000018
113, 76, 2.3797891000012896
113, 77, 2.411531300000206
111, 79, 2.4430522000002384
110, 79, 2.475266500001453
104, 89, 2.5094026000006124
104, 88, 2.551103100000546
98, 97, 2.5830956000008882
99, 97, 2.6164097000000766
98, 105, 2.6628075999997236
98, 104, 2.7065292000006593
99, 110, 2.7372160000013537
99, 109, 2.7669617000010476
103, 109, 2.7981828000010864
104, 108, 2.8296167999997124
108, 102, 2.858781300001283
107, 102, 2.8913429000003816
110, 95, 2.92152680000072
110, 95, 2.9560818999998446
112, 90, 2.985459900000933
112, 89, 3.017823700000008
112, 84, 3.047313099999883
113, 83, 3.08092840000063
113, 79, 3.119910200000959
112, 78, 3.1517013000011502
112, 78, 3.193768799999816
112, 78, 3.2378793000007136
112, 83, 3.280777300000409
112, 82, 3.3123238000007404
112, 90, 3.3518512999999075
112, 89, 3.395121300000028
113, 93, 3.4257323000001634
113, 93, 3.455817800000659
120, 90, 3.4880146000014065
121, 90, 3.51807910000025
129, 86, 3.55164060000061
130, 85, 3.5815921000012167
140, 80, 3.6153744000002916
141, 80, 3.645462899999984
143, 83, 3.6765012000014394
143, 82, 3.7065945000013016
139, 93, 3.7421437000011792
139, 93, 3.785046799999691
136, 98, 3.819208000000799
135, 98, 3.8480364000006375
137, 99, 3.8823365999996895
137, 99, 3.910228400000051
145, 96, 3.942537800001446
146, 96, 3.972299400000338
155, 93, 4.006467900000644
155, 93, 4.040759700001217
158, 96, 4.072121500001231
159, 96, 4.10467890000109
159, 102, 4.133704600000783
159, 102, 4.166661799999929
155, 111, 4.1983000000000175
155, 112, 4.2285158000013325
148, 122, 4.259829300001002
148, 121, 4.292555600000924
139, 130, 4.326922899999772
139, 130, 4.371287400001165
132, 132, 4.401024700000562
132, 132, 4.4344823000010365
131, 129, 4.463650300000154
132, 128, 4.494972100001178
135, 122, 4.5276740999997855
136, 122, 4.558151299999736
142, 114, 4.5873836999999185
143, 113, 4.62053030000061
151, 105, 4.650581100000636
152, 105, 4.683921699999701
160, 96, 4.717035300000134
161, 96, 4.762362400000711
170, 88, 4.790520100001231
171, 89, 4.824514300000374
175, 83, 4.853447600000436
176, 83, 4.887794500000382
176, 83, 4.915605500000311
176, 82, 4.950320300000385
176, 85, 4.9795363000012
176, 85, 5.013648500000272
175, 90, 5.041468299999906
175, 90, 5.076389300000301
176, 98, 5.119604400000753
175, 98, 5.151712700000644
175, 107, 5.1831065000005765
175, 107, 5.2102443000003404
176, 111, 5.24687350000022
176, 112, 5.275621200000387
180, 109, 5.306863100000555
180, 108, 5.340384799999811
186, 101, 5.371994600000107
187, 101, 5.401454700000613
191, 92, 5.435864799999763
192, 92, 5.481135900001391
195, 86, 5.510075600001073
195, 87, 5.543703200000891
196, 83, 5.571977999999945
196, 83, 5.604705400000967
196, 84, 5.643577300001198
196, 84, 5.681910400000561
194, 91, 5.713241500001459
194, 91, 5.7446362000009685
192, 101, 5.773793100001058
193, 102, 5.807551200001399
194, 111, 5.836626800000886
194, 111, 5.8708065999999235
200, 115, 5.900429400000576
199, 116, 5.935235200000534
207, 114, 5.976448600000367
208, 113, 6.011253900000156
213, 107, 6.040091599999869
213, 106, 6.07321630000115
213, 99, 6.109118700000181
213, 98, 6.149543400000766
212, 93, 6.177076900001339
213, 93, 6.216462500000489
213, 89, 6.242689200000314
213, 89, 6.277010600000722
215, 85, 6.303014500001154
216, 86, 6.339364100000239
220, 83, 6.369102100001328
221, 84, 6.400482400000328
224, 81, 6.430963100001463
226, 81, 6.463552600000185
227, 83, 6.508494700001393
226, 84, 6.540510599999834
225, 88, 6.572782900000675
224, 88, 6.60514669999975
225, 93, 6.636747700000342
225, 93, 6.68585770000027
227, 99, 6.7129201000007015
227, 99, 6.745580900000277
231, 105, 6.788506400000188
231, 105, 6.821813100001236
235, 108, 6.853498399999808
235, 108, 6.884669200000644
244, 103, 6.915519700000004
244, 103, 6.945961500001431
251, 94, 6.9774450000004435
253, 93, 7.0088324999996985
257, 87, 7.038521100001162
257, 86, 7.072407000001476
254, 82, 7.102593700001307
247, 85, 7.1625536999999895
247, 86, 7.199821600001087
247, 85, 7.226428200001465
239, 91, 7.261885600000824
239, 90, 7.291590800001359
238, 98, 7.324901800000589
238, 98, 7.356745000000956
245, 105, 7.388093800000206
245, 104, 7.4199303000004875
257, 104, 7.462811200000942
257, 103, 7.496553400000266
267, 96, 7.525434000001042
276, 88, 7.56350890000067
277, 87, 7.60356160000083
277, 87, 7.6348383000004105
284, 81, 7.668426100000943
284, 81, 7.696155900001031
288, 78, 7.728981600001134
289, 79, 7.762604700001248
290, 81, 7.804463000000396
291, 80, 7.83430159999989
290, 87, 7.870890500000314
290, 86, 7.898271199999726
283, 100, 7.933874000000287
270, 108, 7.964287900000272
271, 107, 7.996636900001249
265, 107, 8.026559500000076
264, 106, 8.057828099999824
264, 107, 8.088906099999804
263, 106, 8.119526500000575
264, 105, 8.15159070000118
268, 104, 8.187237100000857
268, 104, 8.229912900000272
275, 106, 8.262912600001073
275, 106, 8.293428300001324
285, 108, 8.326241200000368
292, 112, 8.364997900000162
293, 113, 8.402857700000823
298, 115, 8.433833400000367
299, 116, 8.466683500000727
299, 116, 8.509658700000728
305, 115, 8.54343340000014
305, 116, 8.573113600001307
309, 116, 8.60580040000059
309, 116, 8.634358000001157
309, 115, 8.668510499999684
310, 115, 8.698459900000671
309, 115, 8.727421499999764
308, 115, 8.761954200001128
308, 115, 8.795169900000474
308, 115, 8.829952300000514
308, 115, 8.873529600001348
308, 115, 8.902974700000414
307, 114, 8.93531030000122
307, 114, 8.965712799999892
306, 114, 8.998704700001326
306, 115, 9.028600300000107
