74, 55, 0.02678169999990132
75, 55, 0.07726390000016181
75, 56, 0.10434660000009899
75, 56, 0.14598789999990913
76, 56, 0.17906600000014805
75, 56, 0.21316200000001118
76, 56, 0.25702000000001135
76, 56, 0.28844619999972565
76, 56, 0.31604109999989305
76, 57, 0.3518149999999878
74, 55, 0.3842550999997911
75, 56, 0.41495750000012777
73, 56, 0.44648389999974825
73, 54, 0.4781852000000981
72, 53, 0.510295799999767
72, 53, 0.5419699999997647
67, 52, 0.573853699999745
68, 52, 0.6044905999997354
62, 52, 0.639359499999955
62, 51, 0.6664114999998674
55, 55, 0.7013324999998076
54, 56, 0.7314299999998184
49, 62, 0.7649679999999535
47, 62, 0.791778400000112
50, 70, 0.8284215999997286
50, 69, 0.8595337000001564
58, 69, 0.8908615000000282
57, 69, 0.9219757999999274
66, 63, 0.9529597000000649
66, 64, 0.9847698999997192
72, 58, 1.0170429999998305
71, 58, 1.0501140999999734
76, 52, 1.0814385999997285
76, 52, 1.1140104000000974
75, 50, 1.1464660999999978
77, 51, 1.1751838999998654
74, 52, 1.2077454999998736
74, 52, 1.2386868999997205
71, 58, 1.2706540999997742
72, 57, 1.3027766999998676
74, 66, 1.3341024000001198
74, 64, 1.3657869999997274
82, 71, 1.397918799999843
82, 69, 1.424828400000024
95, 68, 1.46162860000004
95, 69, 1.493801799999801
108, 65, 1.527563999999984
108, 65, 1.5572809000000234
119, 58, 1.5923792999997204
119, 58, 1.637743700000101
123, 54, 1.6671962000000349
123, 54, 1.7010067000001072
120, 52, 1.729936799999905
120, 52, 1.7627391999999418
113, 55, 1.789654299999711
112, 54, 1.825763100000131
104, 60, 1.8568755999999667
104, 60, 1.890282699999716
99, 68, 1.9284447
100, 67, 1.9668895999998313
100, 75, 1.9989010999997845
101, 74, 2.034951000000092
106, 78, 2.07904950000011
106, 78, 2.11046720000013
113, 75, 2.140065600000071
112, 77, 2.172062399999959
117, 69, 2.2025189000000864
116, 70, 2.235676599999806
119, 64, 2.266432899999927
118, 63, 2.3008497000000716
119, 60, 2.330439999999726
119, 61, 2.3621422000001076
119, 60, 2.3938484000000244
119, 61, 2.427357799999754
116, 66, 2.457149699999718
118, 65, 2.491259899999932
118, 71, 2.5207445999999436
119, 71, 2.5541699999998855
125, 73, 2.5882277000000613
125, 73, 2.617116299999907
135, 69, 2.647133699999813
134, 69, 2.679533999999876
142, 65, 2.712216200000057
142, 65, 2.744310399999904
146, 64, 2.792133500000091
145, 65, 2.823018499999762
142, 68, 2.859683199999836
142, 68, 2.9009554999997818
138, 73, 2.9308772999997927
138, 73, 2.965196999999989
145, 69, 2.994783600000119
145, 70, 3.0267241000001377
155, 65, 3.0590895000000273
155, 66, 3.092967900000076
160, 66, 3.122974500000055
160, 66, 3.156767200000104
163, 72, 3.192086300000028
163, 71, 3.236755500000072
167, 81, 3.265337400000135
167, 79, 3.2973793999999543
166, 94, 3.3294842000000244
166, 92, 3.36054090000016
159, 101, 3.393275299999914
157, 102, 3.424160099999881
149, 106, 3.452244099999916
148, 106, 3.4893676000001506
147, 102, 3.5189486999997825
147, 102, 3.5528816000000916
154, 94, 3.5832031999998435
153, 94, 3.6170650999997633
163, 85, 3.6562150999998266
163, 84, 3.695151200000055
174, 76, 3.7271249000000353
174, 74, 3.7626095000000532
183, 67, 3.791018200000053
184, 67, 3.8245833000000857
188, 62, 3.854599899999812
189, 61, 3.888444100000015
192, 59, 3.921792699999969
191, 59, 3.9525674999999865
192, 60, 3.9816674999997304
192, 60, 4.016014400000131
190, 65, 4.0564478000001145
190, 65, 4.096326099999715
188, 75, 4.12381379999988
189, 76, 4.157563599999776
188, 85, 4.1899844999998095
189, 85, 4.233882500000163
192, 87, 4.262984099999812
191, 87, 4.297876199999791
195, 82, 4.324869900000067
194, 83, 4.363258699999733
197, 75, 4.395200399999794
197, 76, 4.426756999999725
199, 71, 4.4562433000000965
198, 72, 4.488363699999809
199, 72, 4.519996500000161
199, 72, 4.55200479999985
200, 77, 4.584343699999863
200, 77, 4.614129000000048
204, 84, 4.649195999999847
204, 83, 4.694436499999938
211, 85, 4.723264100000051
211, 83, 4.752769400000034
216, 78, 4.786168199999793
215, 78, 4.8206553999998505
215, 70, 4.850114500000018
215, 71, 4.885584799999833
214, 64, 4.920781799999986
214, 64, 4.961018899999999
213, 59, 4.992239199999858
213, 61, 5.027811800000109
217, 59, 5.070979199999783
216, 60, 5.103313999999955
222, 61, 5.134725099999741
222, 61, 5.163486800000101
229, 65, 5.198123199999827
228, 66, 5.227710699999989
231, 69, 5.260323800000151
231, 70, 5.293854099999862
231, 75, 5.3244111999997585
230, 75, 5.35423929999979
234, 78, 5.385249299999941
234, 79, 5.421553399999993
245, 77, 5.451594099999966
244, 78, 5.48458410000012
253, 72, 5.51549389999991
252, 74, 5.544204700000137
257, 66, 5.57842810000011
257, 67, 5.610648800000035
257, 61, 5.6416245000000345
256, 61, 5.676818200000071
254, 59, 5.707052199999907
253, 59, 5.738542699999925
249, 61, 5.7846442000000025
248, 61, 5.813652599999841
243, 67, 5.852774099999806
242, 68, 5.8958465999999135
242, 77, 5.927748099999917
241, 77, 5.958832299999813
248, 83, 5.985820699999749
248, 84, 6.02497459999995
260, 81, 6.053476699999919
259, 82, 6.091892200000075
267, 73, 6.132081599999765
266, 74, 6.165918799999872
270, 67, 6.195893199999773
270, 67, 6.228354699999727
274, 61, 6.259929800000009
273, 62, 6.295310399999835
278, 59, 6.3248515999998745
278, 59, 6.352013100000022
282, 62, 6.387954499999978
283, 63, 6.422430000000077
283, 70, 6.454223199999888
283, 71, 6.485045399999763
279, 80, 6.515749000000142
277, 81, 6.545936200000142
271, 87, 6.572644699999728
270, 87, 6.609808599999724
265, 88, 6.6475845999998455
264, 88, 6.6915414999998575
264, 89, 6.718453599999975
264, 89, 6.7540954999999485
270, 91, 6.783855199999834
270, 92, 6.816937399999915
282, 93, 6.8468926000000465
282, 94, 6.881738399999904
297, 96, 6.909547599999769
296, 96, 6.939104099999895
309, 99, 6.975130100000115
308, 100, 7.008980000000065
315, 102, 7.047287500000039
315, 102, 7.087829799999781
315, 103, 7.115042200000062
315, 102, 7.157103000000006
313, 102, 7.1836364999999205
314, 102, 7.213399599999775
313, 102, 7.2446076999999605
313, 102, 7.304960099999789
313, 102, 7.332169199999953
313, 102, 7.371044900000015
314, 102, 7.405108699999801
314, 102, 7.437170000000151
314, 102, 7.469322099999772
314, 101, 7.510108899999977
312, 101, 7.545412999999826
