62, 118, 0.029604100000142353
60, 116, 0.09800279999944905
59, 114, 0.14809909999894444
59, 113, 0.1814818999991985
59, 115, 0.2151494999998249
59, 115, 0.24417209999955958
60, 115, 0.29366680000021006
59, 115, 0.3364633999990474
60, 115, 0.367390899999009
60, 115, 0.4002192999996623
61, 115, 0.4303169999984675
60, 115, 0.4620106999991549
60, 116, 0.4933234000000084
60, 115, 0.5241731999994954
60, 116, 0.5553032999996503
60, 116, 0.5880742999997892
60, 116, 0.619406899999376
60, 116, 0.6458726999990176
58, 115, 0.6937813999993523
59, 115, 0.7300305999997363
55, 115, 0.7598557000001165
56, 114, 0.7910517999989679
50, 114, 0.8221065999987331
50, 114, 0.854273099999773
43, 119, 0.8869641000001138
38, 127, 0.945421799999167
38, 127, 0.9767640999998548
38, 127, 1.0128292999997939
34, 144, 1.04399469999953
34, 144, 1.0716886999998678
35, 158, 1.103897799999686
36, 158, 1.131060300000172
41, 160, 1.1640897999986919
41, 160, 1.1965572999997676
49, 151, 1.2267627000001085
48, 151, 1.2580045999984577
53, 138, 1.2895008999985293
57, 126, 1.3481677999989188
58, 127, 1.3837401000000682
57, 126, 1.4157817999985127
61, 120, 1.4462875999997777
60, 120, 1.4787927999987005
61, 119, 1.5083027000000584
61, 120, 1.538102099999378
60, 126, 1.5704601999987062
61, 126, 1.601049899998543
59, 135, 1.632410099999106
60, 137, 1.6646556999985478
61, 145, 1.694584799999575
69, 147, 1.7467016999999032
69, 147, 1.7936047999992297
69, 147, 1.8200657999987016
81, 140, 1.8520518999994238
82, 140, 1.8845423999991908
94, 127, 1.9115925999994943
94, 128, 1.9465115999992122
100, 117, 1.9781259999999747
101, 117, 2.010880299998462
100, 115, 2.041564399998606
100, 114, 2.07002889999967
93, 121, 2.103045399999246
87, 132, 2.1503142999990814
88, 134, 2.1854217999989487
84, 146, 2.2145792999999685
86, 146, 2.2463674999999057
86, 145, 2.277507400000104
89, 153, 2.30990219999876
89, 153, 2.3407545999998547
96, 150, 2.372130099998685
96, 151, 2.402062699999078
103, 139, 2.433127099999183
104, 139, 2.4679966999992757
107, 127, 2.4954285999992862
110, 119, 2.5478619999994407
110, 118, 2.590075699999943
110, 118, 2.6205683999996836
110, 118, 2.650814699998591
110, 118, 2.683211699999447
109, 123, 2.71309779999865
110, 123, 2.744777799998701
114, 126, 2.778267899999264
115, 127, 2.8068105000002106
127, 126, 2.837949499999013
127, 127, 2.8749224999992293
137, 125, 2.914623599999686
136, 132, 2.950727999999799
138, 132, 2.9924813999987236
130, 138, 3.025929699999324
131, 139, 3.06901629999993
133, 139, 3.0962187999994057
133, 138, 3.1298800999993546
133, 138, 3.162257599999066
141, 134, 3.194967399998859
141, 135, 3.223523999999088
149, 133, 3.253674099998534
150, 133, 3.284684299998844
152, 138, 3.316557999998622
154, 151, 3.3504694999992353
154, 151, 3.3812652999986312
152, 163, 3.41636010000002
152, 163, 3.458139399999709
144, 173, 3.486082199999146
144, 174, 3.5206710000002204
144, 174, 3.5501180999999633
135, 178, 3.5837933999991947
135, 178, 3.616622499999721
133, 174, 3.646160099999179
133, 175, 3.676443799999106
137, 165, 3.706123399999342
147, 153, 3.7506267999997362
146, 153, 3.78572819999863
158, 140, 3.814689199998611
158, 140, 3.848308399999951
168, 130, 3.8821000999996613
167, 131, 3.9279256999998324
173, 123, 3.95565119999992
173, 122, 3.9843525999986014
174, 122, 4.0166134999999485
174, 120, 4.048266099998727
175, 120, 4.078488099999959
171, 124, 4.111589399999502
166, 132, 4.149992199998451
166, 134, 4.190975399998933
163, 146, 4.218046799998774
164, 147, 4.247230099999797
163, 156, 4.281333499999164
164, 156, 4.3143062999988615
169, 157, 4.344321200000195
170, 157, 4.377201499999501
169, 157, 4.4060444999995525
176, 150, 4.439229699999487
176, 150, 4.4690063999987615
183, 137, 4.501491399998486
188, 127, 4.550425800000085
189, 128, 4.592235799998889
191, 124, 4.62408189999951
191, 124, 4.65965419999884
192, 126, 4.687966399998913
192, 125, 4.72302099999979
187, 134, 4.751207399998748
189, 135, 4.7792285999985324
188, 134, 4.815261099998679
186, 147, 4.84777319999921
186, 147, 4.876738599999953
190, 156, 4.912393099999463
201, 155, 4.94045240000014
201, 155, 4.974089299999832
210, 146, 5.015945499999361
210, 147, 5.0518818000000465
215, 132, 5.079592299998694
215, 132, 5.114666199999192
215, 122, 5.141163099999176
215, 124, 5.177679399999761
215, 120, 5.2077044999987265
215, 119, 5.2417397999997775
215, 119, 5.271150900000066
219, 119, 5.30511899999874
227, 121, 5.33598659999916
228, 121, 5.36530859999948
236, 127, 5.414246499998626
237, 126, 5.445435999999972
239, 130, 5.4784108999992895
240, 131, 5.521177999999054
235, 137, 5.5540751999997156
236, 137, 5.587437799998952
232, 147, 5.63381599999957
232, 147, 5.665157999999792
232, 146, 5.696220699999685
232, 157, 5.728211300000112
243, 158, 5.760339099999328
244, 158, 5.791141499999867
257, 151, 5.819718099999591
257, 152, 5.8524330999989616
266, 139, 5.88398529999904
268, 139, 5.918635899999572
270, 126, 5.949507399998765
270, 127, 5.978262599999653
265, 123, 6.009007599999677
266, 123, 6.039957699998922
257, 126, 6.0717608999984805
258, 125, 6.101780699998926
254, 135, 6.133565099999032
254, 134, 6.164235799999005
258, 147, 6.198575099999289
260, 147, 6.2294353999986924
276, 149, 6.279782399999021
277, 150, 6.321033099999113
293, 144, 6.352661199998693
295, 145, 6.38478479999867
306, 133, 6.414189299999634
307, 134, 6.44709739999962
313, 126, 6.476363699999638
312, 128, 6.50837109999884
314, 128, 6.538444299998446
315, 127, 6.571133199999167
315, 132, 6.600805899999614
314, 134, 6.634075099998881
312, 148, 6.6787930999998935
313, 150, 6.714079399998809
301, 159, 6.743230099998982
303, 159, 6.77761659999851
290, 161, 6.806655399999727
291, 161, 6.8386468999997305
280, 160, 6.871549199999208
282, 159, 6.915016099999775
282, 157, 6.946292299999186
282, 157, 6.983283099998516
287, 157, 7.02457719999984
288, 156, 7.058293299998695
300, 159, 7.099433100000169
302, 159, 7.128803899999184
317, 165, 7.16594780000014
319, 165, 7.200037499998871
335, 167, 7.229952499999854
336, 167, 7.261812999999165
349, 168, 7.291899599998942
350, 167, 7.32597849999911
356, 164, 7.355534799999077
357, 165, 7.386876499998834
357, 165, 7.421363299999939
357, 165, 7.452983299999687
355, 163, 7.480441399999108
355, 163, 7.5130079999999
354, 163, 7.54377039999963
354, 162, 7.574135999999271
354, 162, 7.606648699998914
