122, 98, 0.02800889999980427
121, 98, 0.08549879999964105
122, 97, 0.11795159999974203
123, 97, 0.16010029999961262
122, 96, 0.19987029999992956
121, 97, 0.24121409999997923
119, 95, 0.2721151999999165
118, 97, 0.3054096999999274
114, 95, 0.3359762000000046
114, 95, 0.36779599999999846
107, 95, 0.39993269999968106
108, 96, 0.4304383999997299
99, 94, 0.4624105999996573
97, 96, 0.49101169999994454
89, 94, 0.5220820999998068
88, 94, 0.5529907999998613
79, 96, 0.5848962000000029
79, 96, 0.6158628999996836
65, 99, 0.6470682999997734
68, 101, 0.6797343999996883
55, 108, 0.7111337999999705
57, 109, 0.7431108999999196
51, 127, 0.7746647999997549
54, 126, 0.804659299999912
46, 141, 0.8377590000000055
47, 140, 0.8687912000000324
48, 155, 0.9008615999996437
47, 156, 0.9331003999996028
54, 165, 0.9660409999996773
55, 163, 0.992921799999749
61, 166, 1.02847759999986
60, 167, 1.060703999999987
70, 157, 1.0918114999999489
67, 156, 1.1217372999999498
77, 146, 1.150356599999668
76, 146, 1.190845999999965
83, 134, 1.2181569999997919
84, 133, 1.2530671999998049
88, 124, 1.28208769999992
85, 123, 1.3138021999998273
91, 115, 1.3470864999999321
90, 114, 1.3757520999997723
93, 111, 1.4108637999997882
93, 111, 1.4396342999998524
94, 110, 1.4746299999997063
94, 109, 1.5037079999997331
93, 113, 1.5545976999997038
93, 111, 1.598717399999714
91, 115, 1.6283442999997533
91, 116, 1.6610280999998395
89, 124, 1.6881171999998514
90, 128, 1.7244114000000081
85, 141, 1.7572447999996257
87, 140, 1.784161099999892
85, 154, 1.821045099999992
86, 153, 1.8497072000000117
86, 160, 1.877335099999982
86, 159, 1.9151409999999487
90, 158, 1.9467512999999599
92, 159, 1.9787978999997904
96, 153, 2.018246099999942
95, 153, 2.05746709999994
97, 149, 2.088991199999782
97, 147, 2.1233265999999276
105, 138, 2.150117499999851
105, 138, 2.1861746999998104
115, 134, 2.215346199999658
113, 132, 2.248812199999975
123, 129, 2.276134899999761
124, 129, 2.309907800000019
131, 129, 2.3401460999998562
131, 130, 2.373635899999954
135, 130, 2.4197180999999546
135, 130, 2.448992599999656
132, 134, 2.484299799999917
132, 134, 2.5141399999997702
130, 133, 2.5442951999998513
130, 134, 2.575825399999758
127, 133, 2.6112224999997125
127, 132, 2.6415689999998904
119, 135, 2.6760934999997517
118, 135, 2.7233986999999615
112, 139, 2.7659937999997055
111, 138, 2.801082399999814
105, 146, 2.8325337999999647
105, 145, 2.863515499999721
104, 157, 2.8927380999998604
104, 156, 2.9261271999998826
107, 167, 2.9569538999999168
108, 167, 2.9915518999996493
109, 171, 3.020746700000018
111, 170, 3.0542444999996405
116, 164, 3.0842838999997184
116, 164, 3.115994999999657
120, 155, 3.1477899999999863
120, 155, 3.177997299999788
127, 148, 3.2118616999996448
126, 146, 3.245162100000016
127, 140, 3.2804087999998046
128, 139, 3.3243383999997604
126, 138, 3.3511985999998615
128, 138, 3.389455199999702
128, 143, 3.438554999999724
128, 143, 3.4691014999998515
130, 150, 3.4981973999997535
128, 150, 3.52991559999964
130, 162, 3.5590941999998904
130, 161, 3.5940788999996585
132, 166, 3.6232826999998906
133, 165, 3.6561290999998164
138, 161, 3.686637399999654
137, 161, 3.719987399999809
138, 155, 3.749631700000009
138, 157, 3.7831993999998303
138, 149, 3.8130804999996144
137, 151, 3.8451029999996535
138, 145, 3.87712829999964
139, 141, 3.9386789999998655
139, 141, 3.968247799999972
139, 141, 4.001645099999678
144, 139, 4.034894099999747
145, 140, 4.064549299999726
147, 144, 4.0985040999999
147, 144, 4.130227599999671
149, 157, 4.160547999999835
148, 154, 4.194283499999983
147, 161, 4.224085699999705
147, 158, 4.253370499999619
143, 160, 4.287043899999844
143, 158, 4.337005399999725
144, 158, 4.3821115999999165
144, 158, 4.412889599999744
148, 156, 4.441828299999997
147, 156, 4.475206499999786
156, 155, 4.509332099999938
157, 156, 4.540501999999833
163, 156, 4.5767022
162, 156, 4.606436599999597
164, 164, 4.6396537999999055
165, 162, 4.682808799999748
164, 173, 4.715869599999678
163, 184, 4.742864599999848
164, 185, 4.777958699999999
158, 199, 4.805999700000029
155, 199, 4.835279699999774
156, 199, 4.872149799999988
152, 208, 4.906670899999881
152, 209, 4.9361181999997825
142, 212, 4.970006900000044
142, 212, 5.002291899999818
134, 209, 5.0333520999997745
133, 210, 5.062803199999962
128, 207, 5.095186799999738
130, 199, 5.13941049999994
131, 200, 5.1769532999996954
129, 194, 5.208309499999814
130, 194, 5.24290289999999
131, 193, 5.27127819999987
136, 184, 5.30933479999976
137, 184, 5.336945300000025
146, 181, 5.369498000000021
146, 181, 5.402350899999874
156, 177, 5.429369399999814
154, 178, 5.463413099999798
162, 171, 5.495246099999804
166, 164, 5.53904539999985
167, 165, 5.5750920999998925
171, 157, 5.604662799999915
172, 158, 5.63750200000004
175, 145, 5.6666150999999445
177, 148, 5.702759299999798
177, 148, 5.732801699999982
177, 133, 5.767696299999898
177, 132, 5.79355409999971
175, 122, 5.83040469999969
175, 119, 5.865622199999962
174, 119, 5.9086560999999165
173, 120, 5.940288699999655
173, 119, 5.974899199999982
173, 122, 6.004918899999666
173, 123, 6.038503199999923
173, 136, 6.069413899999745
174, 135, 6.096849699999893
173, 135, 6.138736599999902
173, 148, 6.166211199999907
173, 148, 6.194521199999599
173, 159, 6.232319899999766
172, 159, 6.2621642999997675
175, 162, 6.294943899999907
174, 163, 6.339186199999858
175, 164, 6.372372599999835
176, 164, 6.401117599999907
175, 165, 6.4405356999996
175, 166, 6.481423100000029
175, 166, 6.517437699999846
176, 165, 6.545326499999646
176, 164, 6.579508399999668
177, 163, 6.609060199999931
176, 160, 6.643012900000031
176, 160, 6.671746699999858
179, 156, 6.706276899999921
181, 152, 6.739694200000031
181, 152, 6.7694815999998355
181, 149, 6.805924099999629
181, 150, 6.847543500000029
183, 148, 6.8778158999998595
183, 148, 6.910417499999767
183, 148, 6.942370899999787
183, 148, 6.974878699999863
183, 148, 7.004600899999787
183, 150, 7.039426399999684
184, 150, 7.069676799999797
184, 153, 7.099340799999936
185, 157, 7.138762099999894
186, 158, 7.178536699999768
188, 159, 7.210542399999667
188, 160, 7.240831699999944
189, 160, 7.274902299999667
190, 160, 7.312370799999826
188, 163, 7.339429399999972
187, 163, 7.372273599999971
187, 163, 7.4014892000000145
187, 171, 7.43442959999993
186, 170, 7.465342399999827
187, 174, 7.499077699999816
189, 175, 7.538881299999957
188, 175, 7.578939300000002
190, 170, 7.608630599999742
191, 170, 7.642548499999975
192, 164, 7.672164899999643
193, 165, 7.706457799999953
196, 157, 7.7330402999996295
198, 156, 7.770122999999785
199, 151, 7.800029099999847
199, 150, 7.833931399999983
199, 150, 7.861988099999962
200, 147, 7.8972704999996495
201, 149, 7.927567100000033
201, 149, 7.961227299999791
202, 153, 8.000620399999661
203, 153, 8.040378899999723
207, 159, 8.070105199999944
208, 158, 8.102110899999843
213, 163, 8.132962700000007
214, 164, 8.164223999999649
220, 165, 8.19448199999988
219, 166, 8.228913199999624
220, 166, 8.25601209999968
224, 164, 8.292367000000013
223, 159, 8.324545199999648
223, 158, 8.355538299999807
221, 156, 8.403157599999759
220, 156, 8.43529479999961
217, 159, 8.467434700000013
217, 158, 8.515519599999607
216, 165, 8.558064800000011
216, 166, 8.592120399999658
218, 175, 8.626904999999624
219, 175, 8.667522299999746
224, 179, 8.702111899999636
224, 180, 8.729115099999945
230, 176, 8.765046900000016
231, 176, 8.795796799999607
238, 171, 8.825127399999928
239, 170, 8.858970699999645
245, 166, 8.890943699999752
246, 167, 8.925240899999608
250, 164, 8.955202099999951
250, 164, 8.990499999999884
253, 168, 9.01782669999966
252, 168, 9.054167199999938
246, 173, 9.08486210000001
246, 174, 9.1173703999998
237, 176, 9.166786099999626
239, 177, 9.207730399999946
234, 177, 9.241199199999755
235, 177, 9.270298299999922
238, 181, 9.302625499999976
238, 181, 9.334053799999765
256, 181, 9.365408899999693
256, 182, 9.396884699999646
264, 175, 9.430198499999733
266, 177, 9.45904819999987
265, 173, 9.487765200000013
266, 174, 9.523609299999862
262, 172, 9.56126119999999
263, 172, 9.588323399999808
260, 172, 9.620216999999684
260, 173, 9.649208899999849
258, 175, 9.684631399999944
259, 175, 9.71595279999974
259, 177, 9.745808099999977
259, 176, 9.779673900000034
261, 178, 9.809268299999985
261, 177, 9.842819699999836
262, 180, 9.87277879999965
261, 180, 9.909038799999962
261, 183, 9.936442700000043
260, 184, 9.969621399999596
260, 186, 9.998459999999795
260, 187, 10.031692300000032
261, 190, 10.060410299999603
261, 190, 10.094250699999975
