119, 129, 0.036552099998516496
119, 129, 0.11854079999829992
117, 132, 0.1579701999999088
115, 131, 0.20509339999989606
115, 130, 0.2357654999996157
112, 129, 0.26963159999831987
112, 129, 0.31126299999959883
110, 127, 0.3457546999998158
111, 128, 0.37340129999938654
109, 127, 0.40797179999935906
110, 127, 0.4365712999988318
109, 127, 0.4741995999993378
109, 127, 0.517883399999846
109, 128, 0.5480407999984891
108, 128, 0.5800601999999344
108, 129, 0.6120799000000261
107, 129, 0.6471421999995073
108, 130, 0.6891521999987162
108, 131, 0.7226705999983096
107, 129, 0.7490186999984871
107, 130, 0.7836529999985942
106, 129, 0.8097801999992953
107, 129, 0.8453722999984166
106, 126, 0.8768208999990748
105, 126, 0.9041914999997971
103, 124, 0.9398380999991787
103, 125, 0.969106999998985
99, 123, 1.00174159999915
100, 124, 1.0344741999997495
94, 126, 1.069778099999894
94, 125, 1.0971096999983274
88, 128, 1.1309098999990965
88, 128, 1.172968699998819
87, 135, 1.209226499999204
87, 134, 1.2510488999996596
87, 144, 1.2823717999999644
88, 144, 1.3139994999983173
92, 156, 1.3460433999989618
92, 154, 1.3769686999985424
99, 158, 1.4082463999984611
98, 157, 1.4398853999991843
103, 154, 1.473756899998989
104, 153, 1.5048375999995187
106, 145, 1.5344284999991942
107, 145, 1.5650967999990826
109, 138, 1.6113820999999007
109, 139, 1.644365399999515
108, 133, 1.6761941999993724
107, 132, 1.707658099998298
107, 130, 1.7389353999988089
107, 131, 1.7704063999990467
107, 132, 1.801030799999353
108, 132, 1.8344691999991483
109, 137, 1.8650190999996994
109, 138, 1.8962452999985544
111, 146, 1.9297894999999698
110, 144, 1.9728717999987566
114, 152, 2.004338499998994
115, 153, 2.0351246999998693
119, 157, 2.0742746999985684
119, 157, 2.113749199999802
124, 161, 2.1454558999994333
125, 160, 2.177457499999946
128, 159, 2.2120828999995865
128, 159, 2.2416740999997273
130, 153, 2.273389699999825
130, 152, 2.3060648999999103
134, 145, 2.336627099999532
134, 144, 2.3691700999988825
141, 137, 2.4001223999985086
142, 136, 2.427200399999492
147, 135, 2.477065799999764
147, 134, 2.5103380999989895
152, 136, 2.5387637999992876
151, 137, 2.572573099998408
157, 145, 2.6017736999983754
156, 146, 2.6371995999998035
159, 151, 2.666805099999692
159, 151, 2.6976253999982873
157, 150, 2.730935399998998
157, 149, 2.7637267999998585
152, 143, 2.7947398999986035
152, 142, 2.8273488999984693
148, 138, 2.8580855000000156
147, 137, 2.886897599999429
143, 137, 2.93776489999982
143, 136, 2.9817946999992273
138, 142, 3.011926899998798
137, 141, 3.0450803999992786
134, 149, 3.0743687999984104
135, 150, 3.107324599999629
136, 156, 3.134087999998883
137, 156, 3.1702962999988813
142, 164, 3.1971383999989484
142, 163, 3.2325951999991958
147, 163, 3.2614077999987785
148, 163, 3.290366499999436
151, 157, 3.3379843999991863
151, 157, 3.3747964999984106
151, 151, 3.4032148999995115
150, 151, 3.437510999998267
150, 145, 3.467495799999597
149, 144, 3.499543399999311
149, 142, 3.5305256999999983
149, 142, 3.5622098999992886
149, 144, 3.5944271999997
149, 145, 3.6251007999999274
151, 151, 3.6567271999992954
151, 151, 3.6888591999995697
153, 159, 3.740480299999035
154, 159, 3.782969799998682
157, 162, 3.812106399998811
157, 163, 3.845898699999452
160, 164, 3.875740499999665
161, 163, 3.90981279999869
161, 161, 3.938348199999382
162, 161, 3.971287599999414
161, 154, 4.00522699999965
162, 153, 4.048929099999441
159, 144, 4.080574099998557
159, 144, 4.113950099999784
160, 136, 4.144378699998924
160, 135, 4.178820699999051
162, 132, 4.208296499999051
161, 131, 4.250868999999511
166, 130, 4.277927699999054
166, 130, 4.304851899998539
170, 133, 4.352352799998698
171, 133, 4.395348199999717
173, 141, 4.429598399998213
172, 142, 4.45744729999933
171, 144, 4.49024559999998
171, 146, 4.519794699999693
170, 144, 4.552927999999156
170, 144, 4.586142099999051
172, 141, 4.614170599999852
172, 140, 4.646458999999595
175, 137, 4.676735399998506
175, 136, 4.7114188999985345
178, 133, 4.741341899998588
177, 134, 4.775772099999813
181, 131, 4.817472599999746
181, 130, 4.850457799999276
187, 130, 4.879973899998731
187, 130, 4.914138999998613
192, 132, 4.944149499999185
192, 132, 4.976116199999524
198, 141, 5.007921999998871
198, 140, 5.040982900000017
201, 153, 5.0690793999983725
200, 153, 5.10067749999871
201, 165, 5.133472899999106
201, 164, 5.164087099999961
201, 176, 5.194934299999659
201, 175, 5.229132099999333
198, 180, 5.257205499998236
198, 179, 5.289991799998461
192, 179, 5.321958099999392
192, 179, 5.353878999998415
187, 171, 5.385981399998855
188, 171, 5.419035899998562
186, 164, 5.466635799999494
186, 163, 5.508327899999131
189, 157, 5.538822099999379
189, 156, 5.572198500000013
193, 149, 5.600909399998272
193, 148, 5.634877599999527
197, 144, 5.663996999999654
197, 142, 5.6979582999993
200, 138, 5.727375399999801
200, 137, 5.761256599998887
202, 132, 5.7881398999998055
202, 132, 5.821622899999056
202, 127, 5.850604399998701
203, 127, 5.8842928999984
201, 125, 5.931567099998574
201, 125, 5.9739795999994385
200, 125, 6.005351299998438
199, 124, 6.038840499999424
200, 127, 6.066243999999642
199, 127, 6.100995099999636
202, 132, 6.131688899999062
202, 133, 6.162942699998894
207, 140, 6.19212669999979
206, 140, 6.226051199999347
213, 149, 6.25530279999839
212, 149, 6.2874399999982415
218, 155, 6.326847399999679
217, 154, 6.367051499999434
222, 156, 6.39691589999893
222, 156, 6.42887139999948
225, 152, 6.46059299999979
224, 153, 6.492922799998269
224, 145, 6.5232524999992165
223, 146, 6.556902999998783
223, 139, 6.587302099998851
223, 138, 6.615290899999309
223, 134, 6.647271999998338
223, 134, 6.681315199999517
224, 133, 6.729790499999581
223, 133, 6.760673099999622
224, 134, 6.796303099999932
224, 134, 6.825551099998847
225, 138, 6.867264999998952
225, 137, 6.900418199998967
227, 144, 6.930370799998855
227, 144, 6.963169599999674
229, 152, 6.994511999999304
228, 151, 7.020754899998792
232, 157, 7.057867499999702
230, 156, 7.0909647999997105
233, 156, 7.120637999998507
234, 156, 7.154177899999922
236, 153, 7.195541299999604
236, 152, 7.233352099998228
237, 146, 7.263519399999495
237, 147, 7.2952687999986665
237, 140, 7.32522439999957
236, 135, 7.386509099998875
236, 135, 7.421978699998363
236, 135, 7.44971379999879
237, 129, 7.484181999998327
237, 130, 7.513626399999339
239, 127, 7.5454461999997875
239, 127, 7.5782221999998
244, 129, 7.610608999999386
243, 129, 7.642003499999191
251, 132, 7.670473099999072
250, 132, 7.702131499998359
256, 137, 7.733502399998542
255, 136, 7.766405599999416
254, 141, 7.795727299999271
256, 146, 7.848528599999554
254, 145, 7.880028599998695
254, 145, 7.920821299998352
259, 150, 7.9558391999999
259, 150, 7.983870399999432
266, 153, 8.017447499998525
264, 154, 8.049419099999795
273, 154, 8.079500999998345
272, 155, 8.113089299999046
274, 148, 8.142346999999063
274, 149, 8.17602469999838
275, 139, 8.206171099998755
275, 131, 8.249491999999009
274, 131, 8.286748099999386
275, 132, 8.319690499998615
272, 125, 8.350764999999228
271, 126, 8.381764999998268
269, 125, 8.410087199999907
269, 125, 8.440596799999184
268, 127, 8.471630999998524
269, 128, 8.50599819999843
271, 136, 8.536678799999208
270, 135, 8.571583999999348
273, 143, 8.601305299998785
277, 149, 8.64740989999882
275, 149, 8.68174099999851
274, 148, 8.714471899998898
280, 151, 8.758833799998683
279, 150, 8.790537699998822
283, 151, 8.824268699998356
281, 150, 8.86630299999888
283, 146, 8.899875999999495
283, 147, 8.92921909999859
284, 139, 8.963133799999923
285, 141, 8.992546099998435
284, 133, 9.024162799998521
287, 125, 9.059514199998375
287, 125, 9.101192199999787
294, 123, 9.133016599998882
292, 122, 9.163816399999632
291, 122, 9.19651739999972
300, 124, 9.230692399998588
298, 123, 9.25758069999938
305, 127, 9.288675999998304
304, 127, 9.320672299998478
305, 136, 9.350237399999969
305, 135, 9.383640099998956
301, 141, 9.41335049999907
297, 143, 9.451435199998741
296, 144, 9.49979969999913
295, 142, 9.527336699999069
295, 142, 9.569944699998814
296, 143, 9.602090399999724
296, 141, 9.633513999999195
296, 142, 9.662228099999993
298, 142, 9.69523239999944
296, 142, 9.725090899999486
299, 141, 9.75742469999932
298, 141, 9.786842399998932
303, 141, 9.821078399998441
304, 139, 9.851433899999392
303, 140, 9.884898799999064
310, 143, 9.914567599998918
309, 142, 9.948744599998463
316, 148, 9.97920349999913
314, 148, 10.01026549999915
315, 148, 10.041569299999537
317, 154, 10.074414799999431
318, 153, 10.105422599999656
320, 157, 10.137199099999634
319, 156, 10.17014299999937
315, 151, 10.20379739999953
305, 134, 10.251852899998994
302, 132, 10.295524399998612
289, 113, 10.324770299999727
286, 114, 10.35867159999907
275, 100, 10.388990399998875
275, 100, 10.421718799998416
275, 100, 10.451146099998368
266, 92, 10.48344729999917
267, 92, 10.515289799999664
263, 89, 10.55473499999971
