81, 92, 0.027625600000192208
69, 92, 0.08248150000008536
62, 93, 0.144032100000004
62, 92, 0.1823076000000583
56, 96, 0.22830519999979515
55, 95, 0.26005709999981264
48, 109, 0.28939889999992374
38, 126, 0.34648939999988215
36, 124, 0.386142800000016
32, 139, 0.4148065999997925
32, 137, 0.4489579999999478
33, 138, 0.4789821999997912
35, 148, 0.5105001000001721
35, 146, 0.5425627999998142
48, 151, 0.576428400000168
50, 152, 0.6062298000001647
64, 151, 0.6334145999999237
66, 150, 0.6696870999999192
70, 135, 0.7012810000001082
76, 120, 0.749073099999805
77, 122, 0.7824501999998574
80, 108, 0.8118169999997917
83, 108, 0.8438501999999062
83, 107, 0.8738124999999854
81, 103, 0.9095437999999376
84, 101, 0.9388042999999016
84, 101, 0.9723760000001676
83, 100, 1.0046597000000475
82, 106, 1.0333738999997877
81, 106, 1.066962500000045
83, 115, 1.0967608999999356
80, 128, 1.1500544999998965
81, 129, 1.1933829999998125
81, 141, 1.223972700000104
81, 141, 1.252832799999851
81, 150, 1.2880922999997892
83, 150, 1.3171210000000428
79, 151, 1.3508812999998554
87, 148, 1.3846997999999076
83, 150, 1.4144835000001876
96, 142, 1.4494540000000598
94, 138, 1.4840948000000935
106, 135, 1.528207199999997
118, 121, 1.5598058000000492
119, 121, 1.5915046999998594
133, 113, 1.6202159999998003
136, 115, 1.6544027999998434
146, 112, 1.684890500000165
147, 113, 1.7185389999999643
147, 113, 1.7460040000000845
153, 115, 1.7826665000002322
152, 115, 1.8114777000000686
152, 116, 1.844361200000094
152, 116, 1.8763829999998052
147, 116, 1.9076700000000528
138, 115, 1.949684199999865
139, 113, 1.983201999999892
128, 115, 2.0161243000002287
133, 113, 2.045105799999874
122, 121, 2.079446000000189
123, 122, 2.1092195000001084
117, 131, 2.1384180000000015
119, 132, 2.177131200000076
118, 132, 2.2026316999999835
120, 139, 2.23998870000014
120, 140, 2.270006000000194
126, 143, 2.303539600000022
131, 141, 2.3481276000002254
131, 141, 2.3815577000000303
139, 134, 2.4142022999999426
138, 135, 2.444677099999808
143, 129, 2.4779434000001856
142, 128, 2.508193399999982
142, 126, 2.539908000000196
142, 126, 2.572052099999837
143, 126, 2.6042656999998144
143, 128, 2.6386050999999497
143, 128, 2.6672536999999465
144, 135, 2.699818999999934
139, 146, 2.7481622999998763
138, 146, 2.795764599999984
141, 147, 2.8235187999998743
141, 146, 2.8572199000000182
145, 138, 2.8870286999999735
145, 139, 2.921345400000064
150, 131, 2.9527303999998367
149, 132, 2.984595800000079
150, 131, 3.01404679999996
154, 128, 3.048759599999812
154, 129, 3.075714699999935
158, 129, 3.110960800000157
158, 134, 3.1410565999999562
158, 134, 3.1752756000000772
153, 141, 3.218175500000143
155, 139, 3.251119000000017
158, 137, 3.28225620000012
157, 137, 3.316551899999922
162, 135, 3.3458936000001813
163, 136, 3.3797976999999264
166, 135, 3.4092406999998275
165, 136, 3.444349500000044
165, 136, 3.473696999999902
164, 142, 3.5076742000001104
171, 144, 3.5375927999998567
169, 142, 3.5723805000002358
176, 148, 3.612066600000162
175, 147, 3.6503340999997818
177, 157, 3.6802938000000722
176, 161, 3.7147187999999005
173, 175, 3.744401100000232
171, 175, 3.777161299999989
169, 191, 3.8073647000001074
169, 193, 3.8391836000000694
167, 193, 3.8706065999999737
164, 208, 3.905311999999867
156, 221, 3.9340892999998687
158, 219, 3.966652300000078
147, 229, 4.01283740000008
148, 226, 4.045457799999895
141, 226, 4.077494300000126
139, 222, 4.109957199999826
135, 209, 4.140768600000229
135, 209, 4.177656899999874
137, 189, 4.225277699999879
135, 192, 4.2655156999999235
145, 176, 4.304273799999919
146, 177, 4.347134600000118
154, 163, 4.378594599999815
153, 163, 4.4103737000000365
163, 155, 4.444657500000176
163, 155, 4.473433600000135
173, 149, 4.511684000000059
175, 150, 4.55375069999991
181, 144, 4.584640600000057
182, 144, 4.611167200000182
185, 136, 4.650091999999859
185, 137, 4.679794799999854
186, 131, 4.712736399999812
185, 132, 4.742730599999959
187, 130, 4.776801200000136
188, 130, 4.809305799999947
187, 131, 4.840906100000211
187, 131, 4.8730547000000115
187, 133, 4.904356800000187
187, 133, 4.933969600000182
187, 136, 4.9671032999999625
187, 135, 4.996428200000082
189, 143, 5.028367700000217
191, 145, 5.059342300000026
196, 149, 5.0911503000002085
195, 151, 5.125930499999868
197, 145, 5.15995490000023
197, 147, 5.2017227999999704
194, 141, 5.233951600000182
193, 139, 5.266806699999961
191, 135, 5.295470200000182
190, 132, 5.32920490000015
192, 132, 5.361554999999953
190, 130, 5.3956177000000025
190, 129, 5.427913999999873
189, 128, 5.4587775999998485
188, 135, 5.49039219999986
187, 133, 5.520559399999911
188, 146, 5.552744900000107
189, 146, 5.585619999999835
194, 150, 5.61789379999982
193, 153, 5.649254200000087
200, 155, 5.679660799999965
196, 155, 5.71267540000008
203, 155, 5.755380900000091
203, 154, 5.792892200000097
210, 148, 5.821026300000085
210, 149, 5.85177160000012
215, 143, 5.882496499999888
214, 143, 5.914187100000163
215, 139, 5.941795799999909
214, 139, 5.97922779999999
216, 135, 6.009353899999951
215, 135, 6.046123099999932
216, 133, 6.088301000000229
217, 133, 6.121480100000099
215, 133, 6.152273700000023
215, 133, 6.182838199999878
214, 138, 6.213865900000201
213, 138, 6.24687750000021
213, 145, 6.275617400000101
213, 146, 6.309940000000097
217, 154, 6.3402618000000075
217, 154, 6.370321200000035
219, 156, 6.4032744000001
220, 157, 6.432316100000207
222, 155, 6.466508800000156
222, 155, 6.504957300000115
222, 150, 6.531406900000093
222, 150, 6.565606799999841
220, 144, 6.605670299999929
220, 144, 6.63470929999994
218, 136, 6.674759399999857
217, 136, 6.704715400000168
214, 133, 6.737647399999787
215, 131, 6.773087300000043
212, 132, 6.802992999999788
212, 132, 6.837070699999913
215, 136, 6.865133700000115
215, 136, 6.899365000000216
223, 139, 6.927963600000112
222, 140, 6.9625795000001744
229, 142, 7.007165800000166
228, 141, 7.04080759999988
234, 143, 7.0714584000002105
234, 143, 7.105664100000013
237, 143, 7.132545899999968
236, 144, 7.166551499999969
239, 143, 7.198486799999955
239, 142, 7.2313161000001855
241, 143, 7.261818399999811
242, 143, 7.2947705999999926
240, 145, 7.324671599999874
239, 146, 7.357624300000225
237, 154, 7.39114359999985
237, 154, 7.420878299999913
239, 159, 7.468333199999961
240, 159, 7.4994393000001764
246, 154, 7.533422200000132
246, 155, 7.577889799999866
250, 146, 7.608310900000106
250, 146, 7.642116299999998
251, 132, 7.669909300000199
252, 131, 7.705120199999783
253, 117, 7.735655800000131
253, 117, 7.766320300000189
250, 108, 7.798199400000158
251, 107, 7.831128400000125
245, 108, 7.869812899999943
246, 108, 7.911376999999902
242, 114, 7.942152799999803
243, 114, 7.971685399999842
246, 125, 8.005037999999786
247, 126, 8.03589460000012
261, 133, 8.064885700000104
261, 133, 8.102712599999904
273, 135, 8.146451799999795
273, 135, 8.178307199999836
284, 129, 8.210182100000111
284, 128, 8.24488139999994
288, 122, 8.271600300000046
288, 122, 8.306705899999997
285, 121, 8.335804400000143
285, 122, 8.367904799999906
282, 128, 8.399223899999924
280, 130, 8.441869400000087
280, 145, 8.47182389999989
278, 147, 8.514137699999992
284, 166, 8.541367499999978
283, 165, 8.576987299999928
284, 179, 8.60672139999997
282, 180, 8.640832000000046
277, 182, 8.670728399999916
279, 184, 8.705394499999784
276, 178, 8.732814500000131
275, 176, 8.76827000000003
278, 171, 8.79836800000021
278, 171, 8.83335279999983
288, 164, 8.862351199999921
290, 164, 8.896925200000169
306, 156, 8.926076400000056
306, 156, 8.960274099999879
318, 146, 8.990495200000169
317, 145, 9.023274700000002
323, 137, 9.053127600000153
324, 136, 9.087156600000071
321, 135, 9.118264499999896
322, 135, 9.15152960000023
322, 136, 9.196257900000091
323, 137, 9.230730199999925
328, 137, 9.260955499999909
328, 138, 9.292862400000104
332, 139, 9.32928320000019
332, 139, 9.35871189999989
333, 139, 9.400528499999837
333, 138, 9.43366100000003
332, 139, 9.463061999999809
332, 138, 9.497009000000162
