110, 130, 0.029952099999718484
109, 129, 0.09532929999841144
108, 128, 0.12836659999993572
106, 128, 0.16236619999835966
106, 128, 0.1912224999996397
106, 128, 0.2242973999982496
107, 129, 0.2545609999997396
108, 130, 0.2883987999994133
108, 130, 0.32121709999955783
109, 130, 0.3651849999987462
109, 130, 0.3954440999987128
109, 130, 0.4272060999992391
110, 130, 0.45710679999865533
109, 130, 0.48886809999930847
110, 130, 0.5198917999987316
110, 129, 0.5524781999993138
110, 129, 0.5847008999990067
110, 129, 0.6144601999985753
111, 129, 0.6450642999989213
110, 130, 0.6770222999984981
111, 130, 0.7093142999983684
111, 131, 0.7396208999998635
112, 132, 0.7712804999991931
111, 132, 0.8016664999995555
112, 131, 0.8349426999993739
110, 131, 0.8651649999992514
109, 131, 0.8960960999993404
108, 127, 0.9267405999999028
107, 127, 0.9581905999984883
103, 125, 0.9910722999993595
102, 124, 1.0200484999986656
99, 126, 1.0528631999986828
99, 126, 1.0854587999983778
97, 129, 1.1160329999984242
97, 129, 1.1503325999983645
97, 135, 1.187520699999368
97, 133, 1.2271152999983315
100, 138, 1.2585161999995762
99, 138, 1.2915984999999637
103, 142, 1.3194427999987965
102, 142, 1.349847099998442
107, 145, 1.3835017999990669
106, 145, 1.4167079999988346
113, 145, 1.451149999998961
112, 146, 1.49189639999895
115, 145, 1.5252929999987828
116, 145, 1.556381299998975
116, 140, 1.5869920999994065
116, 140, 1.6182426999985182
116, 136, 1.6503459999985353
116, 136, 1.682973299999503
117, 134, 1.7150449999990087
117, 134, 1.7460494999995717
117, 136, 1.7760222999986581
116, 136, 1.8064381999993202
117, 140, 1.842417399999249
118, 141, 1.884531399999105
120, 144, 1.9141769999987446
120, 145, 1.9510983000000124
123, 147, 1.993072499999471
123, 147, 2.030821399999695
126, 147, 2.0588832999983424
126, 148, 2.090832899999441
128, 147, 2.134317699999883
128, 148, 2.166414599998461
129, 144, 2.1964856999984477
130, 144, 2.2306804999989254
130, 140, 2.2781267999998818
130, 139, 2.320807899999636
133, 134, 2.3532426999991003
133, 132, 2.3817197999997006
136, 128, 2.4132641999985935
135, 128, 2.444642299999032
142, 126, 2.4813380999985384
141, 126, 2.5100313999992068
147, 127, 2.5592279999982566
146, 127, 2.585277700000006
150, 129, 2.6190278999984002
150, 129, 2.6615346999988105
149, 130, 2.6976461999984167
149, 130, 2.7403659999999945
145, 128, 2.7683793999985937
145, 128, 2.8037421999997605
141, 127, 2.8408741999992344
142, 126, 2.8793520999988687
139, 126, 2.9133425999989413
139, 126, 2.9440837999991345
136, 130, 2.9759917999999743
136, 130, 3.0050138999995397
135, 134, 3.0382228999988
135, 134, 3.0701296999995975
136, 140, 3.1019579999992857
137, 141, 3.1311615999984497
138, 144, 3.162254499999108
138, 144, 3.194341099999292
140, 147, 3.2271128999982466
141, 147, 3.261854599999424
146, 147, 3.3089811999998346
145, 148, 3.336236099999951
149, 147, 3.3662026999991213
149, 147, 3.3964145999998436
149, 143, 3.429558999998335
149, 142, 3.4581387999987783
150, 137, 3.49290259999907
149, 137, 3.521050599998489
150, 135, 3.5542672999999922
150, 135, 3.5840357999986736
149, 135, 3.6189126999997825
149, 135, 3.6458794999998645
148, 136, 3.680445099998906
148, 136, 3.711270299998432
149, 139, 3.744564499998887
149, 140, 3.787563699999737
150, 145, 3.820637299999362
149, 145, 3.8505005999995774
151, 151, 3.8843571999987034
151, 150, 3.9122878999987734
153, 151, 3.945709599998736
154, 151, 3.974811199999749
155, 151, 4.00986279999961
155, 152, 4.036624799999117
157, 151, 4.069765299998835
157, 150, 4.10036239999863
157, 147, 4.132399599999189
158, 147, 4.171336499999597
158, 140, 4.211051599999337
158, 138, 4.243867399998635
158, 134, 4.277350499998647
157, 132, 4.306282999999894
157, 130, 4.341271799999959
158, 130, 4.369128799999089
160, 129, 4.401398799998788
160, 128, 4.43249619999915
162, 129, 4.464097399999446
162, 129, 4.494770799999969
163, 132, 4.5272707999993145
163, 132, 4.557186799998817
164, 137, 4.586894799998845
164, 138, 4.619418099999166
162, 141, 4.650209499999619
162, 142, 4.681026999998721
161, 143, 4.711178499999733
161, 143, 4.742747599999348
162, 143, 4.775066099999094
162, 142, 4.808469499999774
164, 140, 4.837107399998786
164, 139, 4.872709599998416
167, 137, 4.900611299999582
167, 137, 4.929352299999664
170, 135, 4.977970699999787
170, 135, 5.013203399999838
173, 136, 5.043133899998793
172, 136, 5.0763986999991175
174, 138, 5.10922859999846
175, 139, 5.140360299999884
179, 145, 5.172071599999981
182, 151, 5.239885299999514
182, 150, 5.278303099999903
181, 151, 5.30921749999834
183, 158, 5.343286199999056
182, 157, 5.371827499999199
180, 160, 5.3987290999994
180, 160, 5.436258899999302
175, 162, 5.469282899999598
176, 162, 5.500097099999039
170, 164, 5.532229199998255
170, 164, 5.563066599999729
166, 162, 5.592935699998634
166, 161, 5.631574699998964
166, 160, 5.674087800000052
166, 160, 5.705135199999859
165, 157, 5.736424299999271
165, 156, 5.766237799998635
166, 152, 5.80073799999991
167, 152, 5.83242699999937
170, 148, 5.875234699999055
170, 147, 5.906462299999475
173, 144, 5.937341299999389
173, 143, 5.969170200000008
176, 141, 6.000234099999943
180, 139, 6.035447199999908
179, 139, 6.066107999999076
182, 137, 6.099900899998829
182, 136, 6.141013999998904
182, 136, 6.173574699998426
185, 135, 6.205724799998279
185, 134, 6.233014599998569
187, 131, 6.269443399998636
187, 131, 6.303601399999025
186, 129, 6.3445438999988255
186, 130, 6.377446999998938
186, 128, 6.410547499999666
186, 131, 6.439748499999041
185, 130, 6.474454100000003
187, 136, 6.501176999998279
187, 136, 6.535345399999642
187, 136, 6.566200699999172
190, 142, 6.596577599999364
189, 143, 6.6289932999989105
191, 148, 6.662623199999871
192, 149, 6.691269299999476
194, 152, 6.724361299999146
196, 152, 6.754195399998935
198, 149, 6.78526679999959
199, 145, 6.8348947999984375
200, 146, 6.87829519999832
199, 140, 6.907727099998738
199, 141, 6.941066999999748
198, 137, 6.972737599999164
199, 137, 7.003661499998998
198, 138, 7.034634699999515
198, 137, 7.067392099999779
198, 137, 7.094267699998454
198, 139, 7.128886699998475
198, 139, 7.160382199999731
199, 143, 7.193862999998601
199, 148, 7.235227499999382
200, 149, 7.272631499999989
201, 152, 7.301600299999336
203, 155, 7.334375399999772
204, 155, 7.362319199999547
205, 156, 7.400995999998486
205, 156, 7.441161400000055
208, 153, 7.467755599998782
209, 154, 7.50305539999863
209, 149, 7.536528399999952
210, 150, 7.565985599998385
210, 144, 7.601795199998378
208, 140, 7.634546199999022
208, 141, 7.67694499999925
207, 138, 7.706273099998725
208, 138, 7.7399333999983355
208, 138, 7.769099799999822
209, 139, 7.802076199999647
209, 139, 7.844514399999753
210, 141, 7.877850299999409
212, 143, 7.907729799999288
214, 146, 7.937420099999144
214, 146, 7.971735199998875
215, 149, 7.999577699998554
216, 152, 8.035180099999707
215, 151, 8.078212899999926
216, 152, 8.109566999999515
216, 153, 8.147626999998465
219, 153, 8.186838899999202
219, 154, 8.218575799999599
223, 153, 8.248377499998242
222, 154, 8.281782599999133
223, 154, 8.311272299999473
226, 151, 8.345553499999369
226, 152, 8.375892199999726
228, 147, 8.408139899998787
230, 142, 8.451151799999934
229, 142, 8.486723199999687
229, 138, 8.514278499998909
228, 138, 8.547479099999691
226, 134, 8.575594399999318
226, 135, 8.609748899998522
224, 133, 8.63730889999897
223, 134, 8.671806799999104
223, 134, 8.700702599999204
221, 134, 8.736102299999402
221, 134, 8.778172799999084
221, 138, 8.813726499998666
222, 143, 8.856985099999292
223, 144, 8.889719399998285
226, 148, 8.919589699999051
226, 150, 8.952154299999165
230, 153, 8.981285799998659
230, 153, 9.014392899998711
232, 155, 9.045394699998724
233, 155, 9.078704899999138
235, 156, 9.108912799998507
235, 156, 9.143262599998707
236, 156, 9.185580099998333
236, 154, 9.21754779999901
238, 150, 9.253665799998998
237, 152, 9.286029899998539
238, 145, 9.327525899998363
237, 146, 9.360174099998403
238, 142, 9.3899466999992
238, 143, 9.41695929999878
241, 139, 9.452248699999473
241, 140, 9.485301299999264
244, 139, 9.519895299999916
244, 139, 9.563440199999604
244, 139, 9.595665799999551
246, 141, 9.625852399998621
250, 144, 9.65965949999918
250, 144, 9.69014519999837
251, 149, 9.719251399999848
252, 148, 9.750342599998476
252, 154, 9.783533099998749
251, 153, 9.811491299999034
251, 158, 9.843840399998953
251, 157, 9.875224099998377
249, 161, 9.90693949999877
249, 160, 9.94734199999948
246, 160, 9.985337299998719
246, 160, 10.017997199998717
243, 159, 10.054687899999408
243, 159, 10.094926799998575
241, 157, 10.124870099998589
239, 158, 10.156618699998944
241, 155, 10.187406199998804
241, 155, 10.22095730000001
244, 154, 10.250449299999673
244, 154, 10.28221929999927
248, 154, 10.31574879999971
249, 154, 10.345392899998842
252, 155, 10.37494979999974
253, 155, 10.405423999998675
255, 156, 10.435668299998724
257, 154, 10.46953029999895
259, 156, 10.500200999998924
259, 156, 10.532917099999395
262, 157, 10.566834100000051
262, 157, 10.61195090000001
263, 160, 10.640305699998862
263, 158, 10.672996499999499
263, 158, 10.702354999999443
262, 159, 10.7367024999985
262, 157, 10.76232119999986
262, 158, 10.798747699998785
262, 157, 10.830567899998641
261, 158, 10.862826299999142
262, 157, 10.895659699999669
262, 157, 10.93933029999971
261, 157, 10.969323799999984
