68, 111, 0.027903999999580265
69, 111, 0.08290159999978641
69, 112, 0.1184888999996474
70, 113, 0.14728199999990466
69, 112, 0.18062929999996413
69, 112, 0.21071140000003652
69, 112, 0.24252379999961704
69, 112, 0.2772402999999031
70, 111, 0.3049597999997786
70, 112, 0.33954829999947833
70, 112, 0.3705285999994885
70, 112, 0.400203799999872
71, 112, 0.4339016999992964
71, 112, 0.4632851999995182
72, 112, 0.494599499999822
72, 112, 0.5296474999995553
72, 112, 0.5586151999996218
73, 112, 0.5922516999999061
74, 111, 0.6219034999994619
74, 110, 0.6502884000001359
74, 110, 0.6855864999997721
74, 111, 0.7224212999999509
74, 110, 0.7639863999993395
74, 110, 0.7953658999995241
73, 108, 0.8291958999998315
72, 109, 0.8601480999996056
70, 108, 0.8873630999996749
70, 108, 0.9243312999997215
67, 108, 0.9545658999995794
67, 108, 0.985057500000039
65, 109, 1.0221357999998872
63, 109, 1.066371199999594
60, 114, 1.0981711999993422
61, 114, 1.1295604999995703
62, 118, 1.1595733999993172
62, 119, 1.1909214999996038
65, 122, 1.2227791999994224
65, 123, 1.2552802000000156
68, 125, 1.292953000000125
68, 125, 1.3220424000001003
72, 126, 1.3643495999995139
73, 126, 1.3970009999993636
76, 123, 1.4242336999996041
76, 123, 1.4607140999996773
79, 119, 1.4906614000001355
79, 119, 1.5243325999999797
80, 115, 1.5544880999996167
80, 115, 1.5869198999998844
80, 112, 1.6168514999999388
79, 113, 1.6506720999996105
80, 113, 1.6816147999998066
80, 112, 1.7106634000001577
80, 114, 1.7448487999999998
81, 114, 1.7786755999995876
82, 123, 1.8087041999997382
82, 122, 1.8489196000000447
86, 131, 1.8887144000000262
85, 131, 1.9213419999996404
89, 136, 1.9475511000000552
89, 136, 1.9865657000000283
93, 135, 2.0165828999997757
94, 135, 2.0486763999997493
99, 130, 2.079558499999621
100, 129, 2.1172685999999885
102, 121, 2.158118100000138
103, 121, 2.1959203999995225
103, 116, 2.236099699999613
105, 115, 2.267928700000084
103, 114, 2.3027327999998306
103, 113, 2.331902099999752
99, 117, 2.3632723999999143
101, 116, 2.394451499999377
96, 123, 2.42583409999952
98, 122, 2.457985899999585
97, 129, 2.4901382999996713
97, 128, 2.5178939999996146
99, 134, 2.5540163999994547
100, 134, 2.5841272999996363
104, 137, 2.6109868999992614
105, 137, 2.651122199999918
110, 134, 2.6791064999997616
110, 134, 2.7148888000001534
115, 127, 2.742289400000118
116, 126, 2.776002999999946
118, 118, 2.807600999999522
119, 118, 2.836794099999679
120, 114, 2.870727999999872
121, 113, 2.905351800000062
121, 114, 2.932926200000111
121, 114, 2.972456399999828
120, 120, 3.0125524999994013
121, 118, 3.0452173999992738
122, 128, 3.072638300000108
122, 128, 3.110143699999753
125, 135, 3.1386509999992995
126, 135, 3.1686761000000843
131, 139, 3.2038634999998976
131, 139, 3.2338678999994954
136, 137, 3.25893939999969
136, 136, 3.2995663000001514
140, 131, 3.3282860999997865
140, 131, 3.365592799999831
142, 125, 3.4117722999999387
141, 125, 3.4417759999996633
141, 121, 3.471591200000148
141, 121, 3.504286599999432
141, 118, 3.5340495999998893
141, 119, 3.568231399999604
143, 116, 3.5980153000000428
144, 116, 3.6287383999997473
149, 116, 3.6599577999995745
149, 116, 3.6923855999993975
157, 116, 3.7245767999993404
157, 118, 3.7577464999994845
162, 119, 3.788833099999465
163, 119, 3.8209892999993826
160, 124, 3.8687952999998743
161, 124, 3.8978764999992563
151, 133, 3.930168199999571
153, 132, 3.9637923999998748
144, 138, 3.995629499999268
146, 138, 4.025025599999935
140, 142, 4.060867499999404
141, 142, 4.1066752999995515
137, 145, 4.134866699999293
139, 145, 4.169499499999802
141, 147, 4.197505499999352
140, 145, 4.232265199999347
145, 145, 4.261561499999516
145, 146, 4.295387699999992
153, 143, 4.3327620000000024
155, 146, 4.375458099999378
166, 142, 4.405469499999526
165, 142, 4.439560899999378
173, 138, 4.4694378999993205
172, 138, 4.503092899999501
175, 133, 4.53338149999945
174, 132, 4.576910699999644
176, 126, 4.605542399999649
174, 124, 4.63420909999968
174, 120, 4.6753791000001
174, 119, 4.717279399999825
173, 121, 4.7562127000001055
173, 121, 4.785270699999273
172, 129, 4.822050499999932
172, 131, 4.852597399999468
172, 140, 4.883311399999911
172, 142, 4.915672899999663
175, 147, 4.944367899999634
179, 149, 4.986263299999337
179, 150, 5.015658399999666
179, 151, 5.055021000000124
184, 148, 5.089527999999518
185, 147, 5.119292499999574
190, 139, 5.152722099999664
190, 139, 5.18497810000008
195, 132, 5.213640099999793
196, 132, 5.252193599999373
198, 126, 5.29282349999994
197, 126, 5.325338300000112
198, 124, 5.359507899999699
197, 123, 5.387512700000116
197, 125, 5.4205175999995845
196, 124, 5.452048399999512
198, 129, 5.485710999999355
198, 128, 5.515527999999904
199, 133, 5.549613099999988
198, 133, 5.581355299999814
199, 140, 5.612907699999596
198, 140, 5.643990399999893
198, 145, 5.673844099999769
200, 145, 5.705349699999715
201, 144, 5.736444899999697
201, 137, 5.785589600000094
201, 137, 5.816439100000025
201, 136, 5.848273599999629
202, 129, 5.880663699999786
203, 128, 5.911206400000083
206, 122, 5.943552899999304
206, 121, 5.974047099999552
210, 119, 6.006782999999814
210, 118, 6.0392636999995375
213, 120, 6.0672060999995665
213, 120, 6.100448199999846
215, 122, 6.131521299999804
214, 124, 6.189691900000071
213, 125, 6.226312499999949
211, 125, 6.257388899999569
210, 124, 6.2915675999993255
211, 125, 6.325113399999282
207, 125, 6.35516060000009
207, 126, 6.384505399999398
203, 131, 6.418829199999891
203, 130, 6.461921899999652
201, 139, 6.496182500000032
202, 139, 6.522194299999683
204, 146, 6.558634600000005
212, 147, 6.5888912999998865
212, 148, 6.621642399999473
219, 146, 6.652676699999574
221, 146, 6.6848965999997745
221, 145, 6.715178899999955
228, 143, 6.747489200000018
227, 143, 6.7816620999992665
232, 139, 6.820214599999417
232, 139, 6.8512259999997696
230, 136, 6.890833399999792
230, 135, 6.923479999999472
224, 135, 6.952473800000007
220, 140, 6.98936809999941
221, 139, 7.034955000000082
219, 148, 7.06315689999974
219, 146, 7.097244900000078
220, 156, 7.127386199999819
219, 155, 7.162491099999897
219, 154, 7.189870399999563
226, 161, 7.226412799999707
229, 164, 7.25460159999966
237, 166, 7.287811899999724
237, 167, 7.316410899999937
249, 166, 7.350385099999585
255, 167, 7.388306599999851
255, 166, 7.429637199999888
226, 169, 7.6705142999999225
225, 164, 7.713203999999678
225, 163, 7.7467313999995895
228, 156, 7.779300000000148
238, 151, 7.807832599999529
238, 154, 7.841478800000004
257, 157, 7.871507799999563
256, 158, 7.899977999999464
270, 139, 7.978306099999827
278, 138, 8.015096699999958
278, 137, 8.042010499999378
278, 136, 8.078079500000058
271, 141, 8.10935419999987
270, 145, 8.142236599999706
259, 152, 8.175156299999799
251, 163, 8.203962499999761
251, 162, 8.235366999999314
250, 166, 8.266274699999485
250, 164, 8.300443499999346
255, 159, 8.33059669999966
255, 160, 8.365116500000113
260, 154, 8.391641199999867
261, 155, 8.426981599999635
263, 154, 8.457129599999462
263, 151, 8.492285100000117
264, 151, 8.519878499999322
265, 150, 8.552898500000083
264, 152, 8.589461999999912
264, 151, 8.634456499999942
264, 152, 8.663313799999742
262, 151, 8.696776599999794
263, 151, 8.726768699999411
262, 150, 8.760701999999583
263, 150, 8.791010899999492
263, 150, 8.826902599999812
262, 150, 8.854629800000112
262, 151, 8.8872965999999
263, 151, 8.913956099999268
263, 151, 8.95194569999967
262, 152, 8.979007199999614
261, 151, 9.014350999999806
260, 151, 9.054124999999658
260, 151, 9.084698900000149
260, 151, 9.123695100000077
260, 152, 9.159452599999895
257, 153, 9.191517599999315
257, 152, 9.234382900000128
255, 152, 9.266302899999573
254, 153, 9.300680599999396
255, 152, 9.331055199999355
254, 152, 9.36077849999947
253, 152, 9.396255900000142
253, 152, 9.426754099999926
