75, 114, 0.027893699999822275
75, 115, 0.0885376000001088
74, 115, 0.13376990000006117
74, 114, 0.1623466000000917
74, 114, 0.19863359999999375
74, 114, 0.24138519999996788
73, 115, 0.27242200000000594
73, 115, 0.304566899999827
73, 114, 0.3365331999998489
73, 115, 0.3714921000000686
72, 112, 0.3994103999998515
73, 114, 0.4313020999998116
72, 111, 0.46529839999993783
71, 112, 0.49224099999992177
72, 112, 0.5274553999997806
72, 112, 0.5593189999999595
73, 111, 0.5915188999997554
73, 111, 0.6234120999997685
73, 111, 0.6554132000001118
73, 111, 0.6863506999998208
74, 112, 0.7173351000001276
74, 111, 0.7496640999997908
75, 113, 0.783288900000116
75, 113, 0.8127761000000646
74, 114, 0.8444755999998961
73, 114, 0.8759825000001911
73, 115, 0.9081568000001425
74, 115, 0.9392837999998846
73, 116, 0.9713181000001896
74, 116, 1.0028647999997702
74, 116, 1.0316994999998315
74, 117, 1.0638253000001896
74, 115, 1.0930183999998917
73, 116, 1.1296932999998717
73, 113, 1.160138199999892
74, 113, 1.1923799000001054
75, 109, 1.2203497999998945
75, 108, 1.2557081999998445
74, 106, 1.288676900000155
74, 105, 1.3194134000000304
72, 103, 1.3490394999998898
72, 103, 1.3847215000000688
70, 104, 1.4151450999997905
71, 103, 1.4419715999997607
68, 105, 1.492702200000167
68, 105, 1.5261924999999792
65, 110, 1.5578230999999505
65, 109, 1.587927900000068
61, 115, 1.6218306999999186
61, 114, 1.6515417999999045
60, 118, 1.6849717999998575
60, 118, 1.7155883000000358
60, 118, 1.7461678999998185
61, 119, 1.7788182999997844
61, 121, 1.8139286999999058
61, 120, 1.8414355999998406
62, 122, 1.8740250000000742
62, 122, 1.9029953999997815
64, 123, 1.9584147000000485
64, 123, 1.9868299999998271
67, 123, 2.0300397999999404
67, 124, 2.057138799999848
69, 124, 2.093053300000065
69, 125, 2.1270015999998577
71, 123, 2.1578048000001218
71, 124, 2.1881084999999985
74, 122, 2.2154390000000603
74, 122, 2.2542702999999165
77, 119, 2.280762599999889
76, 119, 2.315219999999954
77, 116, 2.357761599999776
77, 116, 2.3853558999999223
77, 117, 2.4231928999997763
77, 116, 2.456762499999968
77, 117, 2.4862514999999803
77, 118, 2.520734199999879
77, 121, 2.5511688000001413
77, 121, 2.589802399999826
76, 125, 2.6169968999997764
76, 125, 2.6459270999998807
76, 130, 2.6790869000001294
75, 130, 2.7098172000000886
79, 133, 2.742091199999777
78, 133, 2.7708973999997397
84, 133, 2.8208043999998154
83, 133, 2.8534951000001456
89, 131, 2.885610899999847
89, 132, 2.9157728999998653
95, 130, 2.9494246999997813
95, 131, 2.9944823000000724
101, 126, 3.0240889000001516
101, 128, 3.058424599999853
105, 124, 3.0872619000001578
104, 123, 3.123287999999775
106, 120, 3.150531400000091
106, 121, 3.1844795000001795
105, 120, 3.219731700000011
106, 119, 3.2652954000000136
101, 119, 3.293798499999866
101, 119, 3.328747399999884
99, 118, 3.356828399999813
99, 118, 3.3914174000001367
98, 120, 3.421347500000138
98, 120, 3.453029499999957
95, 122, 3.480624799999987
95, 121, 3.5218653000001723
91, 123, 3.5638129999997545
92, 124, 3.5922224999999344
92, 124, 3.623145999999906
90, 125, 3.660536299999876
91, 127, 3.688095500000145
91, 127, 3.723479700000098
93, 129, 3.753173699999934
92, 128, 3.786520600000131
95, 130, 3.818742999999813
94, 129, 3.850274399999762
96, 129, 3.880514200000107
95, 129, 3.913188699999864
96, 128, 3.9429918000000725
96, 128, 3.978036599999996
98, 129, 4.005986900000153
97, 129, 4.041081500000018
97, 130, 4.087042199999814
97, 130, 4.11641950000012
98, 128, 4.150824599999851
98, 128, 4.18449499999997
101, 125, 4.22694330000013
100, 125, 4.2603196999998545
102, 121, 4.2887878000001365
101, 120, 4.324510999999802
104, 118, 4.353833099999974
104, 118, 4.387896799999908
107, 115, 4.417146499999944
106, 115, 4.450185000000147
109, 115, 4.4857302999998865
110, 114, 4.5305718999998135
113, 115, 4.558768599999894
113, 115, 4.59107240000003
116, 119, 4.622540899999876
116, 118, 4.6570504000001165
120, 123, 4.686627199999748
119, 122, 4.7208645999999135
122, 130, 4.74919779999982
121, 130, 4.783084400000007
120, 134, 4.8137487999997575
119, 134, 4.846668300000147
115, 137, 4.875631500000054
114, 137, 4.909240500000124
110, 137, 4.949991200000113
111, 137, 4.988585600000079
108, 135, 5.018690100000185
108, 136, 5.049292799999876
111, 131, 5.0812308999998095
113, 132, 5.115610899999865
119, 131, 5.1451640999998745
119, 132, 5.176253799999813
123, 134, 5.2065849999999045
124, 133, 5.241500799999812
129, 138, 5.271234499999991
128, 137, 5.304394400000092
132, 143, 5.349695899999915
131, 143, 5.3772438000000875
132, 149, 5.414247100000011
133, 149, 5.4456498999998075
131, 152, 5.477770999999848
130, 152, 5.509045299999798
124, 152, 5.542039299999942
123, 153, 5.60798799999975
123, 153, 5.63892450000003
121, 152, 5.669778099999803
122, 148, 5.698822199999995
124, 148, 5.7308637000001
126, 142, 5.764068599999973
126, 143, 5.798872500000016
128, 139, 5.8289654999998675
129, 139, 5.859048299999813
130, 136, 5.891193699999803
131, 136, 5.925393500000155
131, 132, 5.954890900000009
131, 130, 6.004837299999963
131, 131, 6.03680200000008
131, 130, 6.067956899999899
130, 127, 6.0999737000001915
133, 129, 6.132458399999905
131, 125, 6.163550199999918
132, 125, 6.197983900000054
132, 124, 6.225935299999946
132, 124, 6.2574132999998255
134, 124, 6.290094500000123
133, 125, 6.3242896000001565
135, 126, 6.3537240000000565
135, 131, 6.404290200000105
136, 130, 6.435344800000166
137, 130, 6.466403399999763
138, 135, 6.499099399999977
138, 135, 6.530290799999875
143, 138, 6.560664999999972
142, 137, 6.592751300000145
145, 138, 6.6209178999997675
144, 138, 6.653517700000066
144, 139, 6.683673800000179
145, 139, 6.7161974000000555
145, 137, 6.748185399999784
149, 132, 6.806765100000121
148, 133, 6.844995200000085
150, 131, 6.873123299999861
151, 131, 6.907630199999858
152, 131, 6.93891960000019
150, 129, 6.970115300000089
151, 129, 6.99961519999988
150, 128, 7.032192600000144
151, 127, 7.0622041000001445
150, 126, 7.094713099999808
150, 126, 7.12852040000007
152, 125, 7.158358099999987
153, 125, 7.202848399999766
154, 125, 7.237779000000046
153, 125, 7.268549999999777
152, 126, 7.302718800000093
153, 126, 7.345668099999784
152, 126, 7.377194600000166
151, 126, 7.408429199999773
151, 127, 7.442470899999989
151, 127, 7.471560099999806
153, 128, 7.51036269999986
153, 127, 7.550645700000132
156, 127, 7.586644999999862
158, 129, 7.614254499999788
157, 128, 7.646798799999942
158, 131, 7.67468000000008
158, 130, 7.7092594000000645
154, 135, 7.740989899999931
156, 135, 7.774622299999919
156, 135, 7.801773000000139
159, 140, 7.838745099999869
159, 142, 7.867905000000064
165, 143, 7.90299959999993
165, 144, 7.930157100000088
174, 140, 7.967304899999817
179, 136, 8.010690999999952
179, 136, 8.042641800000183
182, 132, 8.072239300000092
181, 133, 8.10437550000006
182, 130, 8.135286799999903
182, 130, 8.166238400000111
182, 130, 8.196056899999803
182, 128, 8.232650999999805
182, 127, 8.265088900000137
180, 129, 8.29658530000006
180, 129, 8.326764399999774
178, 133, 8.358538500000122
178, 137, 8.406748100000186
179, 138, 8.438290600000073
182, 140, 8.469571000000087
182, 141, 8.504644499999813
187, 139, 8.536194499999965
187, 138, 8.565582499999891
190, 134, 8.597199499999988
190, 135, 8.630308299999797
190, 134, 8.660281899999973
195, 129, 8.69444459999977
194, 129, 8.724694099999851
198, 127, 8.757831599999918
201, 127, 8.805903999999828
200, 127, 8.836982599999828
203, 128, 8.870828000000074
202, 128, 8.917056899999807
204, 131, 8.94399680000015
204, 130, 8.979759400000148
206, 139, 9.008829800000058
207, 138, 9.04304779999984
207, 138, 9.072604699999829
206, 147, 9.10457980000001
207, 146, 9.136588500000016
203, 153, 9.16951539999991
201, 156, 9.206351599999834
202, 157, 9.249694699999964
198, 158, 9.276983899999777
198, 158, 9.31117230000018
197, 157, 9.340647999999874
197, 158, 9.371461199999885
197, 156, 9.403873199999907
196, 154, 9.436615600000096
197, 154, 9.465692299999773
199, 154, 9.500674599999911
198, 153, 9.544271299999764
201, 156, 9.57814419999977
205, 157, 9.60700769999994
206, 156, 9.638724099999763
210, 158, 9.671299999999974
210, 159, 9.701496499999848
216, 156, 9.732289600000058
214, 156, 9.7640293999998
222, 150, 9.795358100000158
222, 149, 9.829476299999897
221, 144, 9.863143399999899
221, 144, 9.90732799999978
221, 144, 9.93685060000007
215, 138, 9.971267299999909
208, 131, 10.000102099999822
207, 129, 10.03714809999974
198, 127, 10.071058800000174
196, 129, 10.112267699999848
183, 168, 10.20645710000008
183, 167, 10.24103100000002
184, 173, 10.302926800000023
