77, 122, 0.026208499999938795
77, 122, 0.08031200000004901
77, 123, 0.10785489999989295
76, 122, 0.14744389999987106
77, 123, 0.17958899999985078
78, 123, 0.21122199999990698
79, 123, 0.24247549999972762
80, 124, 0.27456439999969007
81, 125, 0.308036699999775
83, 125, 0.33830659999966883
83, 125, 0.3708585999997922
87, 126, 0.4021849000000657
87, 126, 0.4330089999998563
88, 126, 0.46381750000000466
88, 125, 0.49773830000003727
89, 125, 0.5276761000000079
89, 126, 0.5584767000000284
89, 125, 0.5906915000000481
89, 126, 0.6248209000000315
89, 126, 0.6545648999999685
89, 126, 0.6869333999998162
89, 126, 0.7193591999998716
88, 126, 0.7510849000000235
87, 125, 0.786330999999791
86, 127, 0.8306351000001087
86, 125, 0.859567099999822
86, 126, 0.8928496999997151
86, 126, 0.9227410999997119
87, 126, 0.9549332999999933
89, 125, 0.987277599999743
89, 127, 1.022323199999846
89, 126, 1.0517526999997244
91, 127, 1.084997899999962
90, 127, 1.1167671999996855
93, 125, 1.1487437999999202
97, 122, 1.1843398999999408
95, 122, 1.228371199999856
98, 118, 1.2582425999999032
98, 118, 1.2923566999998002
98, 113, 1.3221325999998044
99, 113, 1.3575188999998318
99, 113, 1.3854100999997172
97, 105, 1.4198545999997805
97, 106, 1.4470126000001073
93, 100, 1.4820654000000104
94, 100, 1.5141854999997122
87, 95, 1.547099800000069
76, 98, 1.5844997999997759
76, 97, 1.6269733999997698
65, 102, 1.6704061000000365
66, 102, 1.6991287000000739
60, 107, 1.7337186999998266
60, 106, 1.7675279000000046
60, 106, 1.797984499999984
59, 113, 1.829062199999953
62, 111, 1.8628460999998424
62, 118, 1.8932795999999144
62, 116, 1.9231726999996681
65, 125, 1.954870000000028
68, 130, 1.9861176999997951
68, 128, 2.0170021999997516
73, 133, 2.0501381999997648
75, 133, 2.081774299999779
80, 135, 2.1141241999998783
79, 134, 2.147998599999937
79, 134, 2.179014499999994
84, 137, 2.2091012000000774
84, 136, 2.239288899999792
87, 136, 2.2746667999999772
87, 136, 2.304640599999857
94, 136, 2.34030759999996
96, 134, 2.38453249999975
95, 134, 2.4148958000000675
96, 130, 2.4491736999998466
97, 130, 2.4818546999999853
98, 128, 2.515479299999697
98, 128, 2.556774199999836
97, 127, 2.5883883999999853
97, 128, 2.6222069999998894
97, 128, 2.652698899999905
96, 131, 2.688720799999828
96, 131, 2.7312560999998823
98, 135, 2.7667756000000736
99, 139, 2.79388229999995
99, 137, 2.828827899999851
101, 140, 2.85766059999969
102, 140, 2.8965321000000586
104, 142, 2.940696399999979
110, 141, 2.9839876000000913
116, 141, 3.04071359999989
116, 142, 3.0787090999997417
126, 140, 3.108594499999981
134, 138, 3.1849288999997043
134, 137, 3.222674999999981
140, 133, 3.250655899999856
140, 135, 3.286873199999718
143, 131, 3.3307043999998314
143, 131, 3.3644611999998233
143, 127, 3.3929488999997375
143, 128, 3.4267390999998497
141, 124, 3.457643199999893
141, 123, 3.4871118000000934
142, 123, 3.5210587999999916
139, 121, 3.5552153999997245
134, 119, 3.587547099999938
134, 120, 3.6208346999997048
133, 119, 3.6485874999998487
132, 119, 3.6826333999997587
130, 122, 3.712908299999981
130, 121, 3.752072599999792
129, 124, 3.792004399999769
128, 125, 3.8258427999999185
125, 131, 3.8548126999999113
125, 130, 3.8900846999999885
124, 130, 3.920083199999681
123, 137, 3.949047199999768
129, 140, 3.976912799999809
129, 140, 4.0213072999999895
133, 141, 4.0621987999998055
133, 142, 4.092709699999887
137, 143, 4.124055400000088
137, 143, 4.155760300000111
141, 144, 4.188366899999892
142, 145, 4.21788209999977
144, 140, 4.251139299999977
146, 142, 4.285718600000109
146, 138, 4.316114599999764
147, 139, 4.343975199999932
146, 136, 4.378722299999936
147, 136, 4.412322499999846
146, 134, 4.441959899999802
146, 135, 4.475174799999877
145, 137, 4.512527699999737
145, 137, 4.5542903999999
145, 140, 4.583666399999856
146, 138, 4.618929799999933
146, 143, 4.647923499999706
146, 143, 4.681054899999708
149, 145, 4.711237399999845
148, 145, 4.745132099999864
152, 143, 4.775073299999804
153, 142, 4.808274199999687
156, 139, 4.837644100000034
158, 140, 4.871591199999784
159, 134, 4.912183899999945
159, 134, 4.952483199999733
163, 127, 4.984163999999964
163, 128, 5.01525330000004
165, 125, 5.044841200000064
166, 124, 5.075123099999928
168, 123, 5.107395399999859
167, 123, 5.139502600000014
171, 121, 5.170991699999831
169, 122, 5.200561300000118
172, 123, 5.234405599999718
172, 122, 5.267819400000008
174, 125, 5.311407499999859
176, 124, 5.348096100000021
176, 129, 5.377060999999685
177, 130, 5.410958500000106
178, 134, 5.440767600000072
178, 135, 5.474245299999893
175, 138, 5.50564439999971
176, 137, 5.539064999999937
170, 139, 5.5667717999999695
170, 139, 5.60016429999996
166, 140, 5.6345446000000265
166, 139, 5.665273499999785
166, 138, 5.701646399999845
166, 138, 5.745916800000032
171, 135, 5.777554299999792
170, 137, 5.813156400000025
180, 134, 5.840861499999846
179, 134, 5.888021400000071
185, 137, 5.916366699999799
188, 135, 5.950504699999783
195, 139, 5.98095259999991
196, 139, 6.010636599999998
201, 144, 6.043193900000006
202, 143, 6.0778107000001
204, 149, 6.106884999999693
205, 150, 6.142583399999694
206, 156, 6.1784193999997115
207, 154, 6.208521300000029
205, 162, 6.2504822999999305
207, 160, 6.284628200000043
205, 165, 6.315153399999872
205, 166, 6.34983659999989
205, 168, 6.392432199999803
203, 169, 6.430094899999858
203, 168, 6.4729904000000715
203, 168, 6.501001799999813
202, 166, 6.536103699999785
201, 169, 6.567377399999714
200, 165, 6.59500109999999
199, 166, 6.636139899999762
199, 161, 6.663436199999978
199, 162, 6.695960600000035
199, 157, 6.728790099999969
197, 158, 6.759917599999881
196, 153, 6.787369699999999
195, 153, 6.816837599999872
195, 149, 6.853578299999754
195, 150, 6.884778199999801
196, 146, 6.91670380000005
196, 146, 6.952989500000058
199, 142, 6.9966443999996955
199, 142, 7.026857299999847
203, 136, 7.0580480999997235
202, 136, 7.091956400000072
205, 129, 7.121845499999836
205, 129, 7.1557920000000195
205, 126, 7.186087300000054
205, 126, 7.219881600000008
205, 126, 7.248742799999945
207, 124, 7.281919499999731
206, 126, 7.313119500000084
207, 124, 7.347910200000115
207, 130, 7.374610200000006
208, 129, 7.4113735999999335
210, 138, 7.440915199999836
210, 136, 7.47475889999987
212, 146, 7.505279199999677
213, 145, 7.5385418000000755
219, 150, 7.567644499999915
221, 150, 7.600923299999977
226, 150, 7.632812299999841
227, 149, 7.66391509999994
232, 148, 7.697227899999689
233, 145, 7.731890199999725
235, 143, 7.7628052999998545
235, 143, 7.8079978999999184
236, 139, 7.8383816999999
236, 140, 7.872514299999693
236, 135, 7.905550500000118
235, 136, 7.950315900000078
234, 135, 7.980546499999946
234, 136, 8.009978099999898
234, 136, 8.043610199999875
234, 136, 8.073281299999962
235, 139, 8.103751599999669
235, 140, 8.13692889999993
236, 142, 8.164285599999857
237, 141, 8.201703199999884
237, 145, 8.23035869999967
239, 144, 8.264944699999887
240, 149, 8.294118199999957
241, 148, 8.325653500000044
245, 151, 8.36800809999977
247, 150, 8.405369900000096
255, 149, 8.435226099999909
253, 149, 8.476364399999966
262, 144, 8.503767599999719
262, 144, 8.549187000000074
266, 138, 8.578308099999958
265, 139, 8.611998500000027
264, 133, 8.642198600000029
265, 134, 8.669708399999763
263, 127, 8.704305199999908
262, 129, 8.738093200000094
260, 127, 8.770078300000023
260, 128, 8.801755999999841
258, 129, 8.83479589999979
257, 131, 8.865484899999956
255, 136, 8.897395099999812
256, 137, 8.928453799999716
254, 144, 8.960829999999987
255, 145, 8.991305900000043
257, 151, 9.025444999999763
259, 150, 9.052694499999689
262, 153, 9.092475899999954
264, 153, 9.1375223
268, 155, 9.182017799999812
269, 155, 9.227705400000104
272, 154, 9.2734903999999
273, 153, 9.303447299999789
278, 150, 9.337466099999801
277, 151, 9.366807399999743
282, 146, 9.401583399999708
282, 145, 9.4288375000001
284, 142, 9.462034700000004
284, 141, 9.491858899999897
285, 139, 9.526690499999859
286, 139, 9.555350799999815
287, 138, 9.587055799999689
288, 137, 9.61402390000012
291, 138, 9.650315899999896
293, 137, 9.684084199999688
294, 140, 9.713936199999807
296, 139, 9.745616400000017
296, 144, 9.776985999999852
296, 144, 9.811663299999964
295, 149, 9.84152899999981
296, 148, 9.872973900000034
291, 153, 9.905119399999876
292, 154, 9.936980999999832
284, 156, 9.968812199999775
288, 154, 10.00439890000007
282, 151, 10.032888400000047
285, 151, 10.065171400000054
281, 149, 10.098925599999802
281, 149, 10.131205099999988
282, 146, 10.161357999999836
282, 146, 10.201010799999949
283, 145, 10.228968800000075
284, 145, 10.274487299999691
285, 149, 10.304130799999712
285, 149, 10.337170999999671
288, 152, 10.364568799999688
288, 153, 10.399958999999853
295, 155, 10.43224250000003
294, 156, 10.465637499999957
302, 156, 10.498532399999931
302, 156, 10.527638900000056
307, 151, 10.561506799999734
307, 152, 10.606029300000046
303, 133, 10.63455070000009
303, 131, 10.668839599999956
277, 110, 10.697822300000098
278, 111, 10.735767199999827
260, 111, 10.762649799999963
