67, 130, 0.026252699999986362
67, 130, 0.07997240000031525
68, 130, 0.11798210000006293
69, 131, 0.14965040000015506
68, 130, 0.18546950000018114
69, 131, 0.23078060000034384
73, 129, 0.2610300000001189
76, 123, 0.3408939000000828
75, 122, 0.3704194000001735
75, 118, 0.4034292000001187
73, 112, 0.46859230000018215
73, 111, 0.4991196000000855
69, 106, 0.5305419999999685
69, 107, 0.562980200000311
69, 106, 0.5941683000000921
66, 102, 0.6260352000003877
67, 102, 0.6583849000003283
63, 99, 0.6926839000002474
63, 99, 0.736963900000319
58, 99, 0.76982100000032
58, 99, 0.7987851000002593
54, 102, 0.8327814000003855
50, 108, 0.8674207000003662
50, 108, 0.9095681000003424
47, 117, 0.9414690000003247
47, 117, 0.9732410999999956
47, 123, 1.0041438000002927
47, 124, 1.039200300000175
47, 124, 1.0665572000002612
49, 129, 1.1032678000001397
49, 129, 1.1326151000002938
52, 132, 1.1644110000002001
51, 132, 1.1956050000003415
53, 135, 1.2265172000002167
56, 137, 1.2679127000001245
56, 136, 1.3097751000000244
60, 140, 1.3398377000003165
60, 139, 1.3707377000000633
63, 139, 1.398439900000085
63, 138, 1.425683299999946
63, 139, 1.4664350000002742
64, 137, 1.4936436000002686
64, 137, 1.5337797000001956
66, 133, 1.578450100000282
66, 133, 1.607227100000273
67, 130, 1.641590300000189
66, 127, 1.6685126000002128
66, 127, 1.7038635000003524
66, 127, 1.7320488000000296
66, 127, 1.7696085000002313
67, 130, 1.7973562000001948
67, 129, 1.8339058999999907
67, 129, 1.8618287000003875
68, 134, 1.8959085000001323
67, 131, 1.925644100000227
69, 138, 1.953221400000075
69, 136, 1.9854637000003095
73, 138, 2.0226196000003256
76, 137, 2.068077700000231
76, 136, 2.099223200000324
79, 135, 2.128969700000198
79, 132, 2.160617900000034
84, 135, 2.1951610999999502
84, 133, 2.2242513999999574
89, 134, 2.2587977000002866
89, 133, 2.289227100000062
89, 134, 2.3221732000001793
94, 134, 2.356573500000195
94, 132, 2.3988962000003085
98, 131, 2.432086900000286
101, 128, 2.4686249999999745
101, 129, 2.5111595000003035
103, 125, 2.5418624000003547
103, 126, 2.573193100000026
105, 123, 2.6053836999999476
104, 124, 2.637998400000015
104, 121, 2.6685222000000977
103, 121, 2.704340400000092
104, 121, 2.732635400000163
102, 118, 2.762073600000349
101, 118, 2.795657800000299
99, 116, 2.8273315999999795
97, 116, 2.8656471000003876
96, 116, 2.9095131000003676
95, 117, 2.9367841000002954
94, 117, 2.9719142000003558
94, 119, 2.999337700000069
93, 119, 3.03367900000012
91, 124, 3.064665700000205
91, 123, 3.0942072000002554
89, 131, 3.1253552000002855
89, 129, 3.1589711000001444
89, 129, 3.1885559000002104
92, 135, 3.222780700000385
92, 139, 3.2529717000002165
92, 139, 3.2857764000000316
96, 143, 3.3329790000002504
97, 142, 3.3632557000000816
100, 144, 3.3954484000000775
101, 143, 3.424470100000235
104, 142, 3.4596707000000606
105, 141, 3.4903724000000693
106, 139, 3.526076699999976
107, 137, 3.555159300000014
106, 139, 3.588146500000221
108, 135, 3.6174826999999823
107, 131, 3.6496892000000116
108, 131, 3.6829069000000345
109, 130, 3.731089400000201
107, 131, 3.7631390000001375
107, 130, 3.7986714000003303
105, 130, 3.8410603000002084
109, 130, 3.871766800000387
105, 131, 3.904214000000138
106, 133, 3.934544800000367
105, 133, 3.966290100000151
107, 134, 3.998312000000169
105, 136, 4.032308199999989
107, 137, 4.062040499999966
107, 138, 4.098586200000227
106, 138, 4.141563099999985
106, 140, 4.176154799999949
104, 139, 4.203859700000066
105, 139, 4.2402422000000115
107, 139, 4.268796800000018
107, 137, 4.302702599999975
105, 136, 4.332020600000305
106, 136, 4.363684100000228
108, 132, 4.3939894000000095
109, 131, 4.427879600000324
104, 128, 4.455610200000137
105, 126, 4.4930317000003015
109, 123, 4.52199070000006
109, 123, 4.555974200000037
109, 120, 4.597195600000305
109, 120, 4.626007400000162
112, 119, 4.665798100000302
112, 118, 4.700077299999975
113, 118, 4.729374000000007
114, 117, 4.7633324000003086
116, 118, 4.792298500000015
117, 117, 4.825947400000132
120, 119, 4.8554925000003095
121, 118, 4.888946500000202
124, 121, 4.917197500000384
125, 120, 4.954522900000029
127, 126, 5.000576900000397
127, 125, 5.046031100000164
127, 127, 5.075930100000278
126, 127, 5.110263900000064
124, 130, 5.138688200000161
125, 130, 5.1729356000000735
114, 133, 5.202154900000096
115, 133, 5.235612500000116
111, 132, 5.264629199999945
108, 131, 5.299644800000351
106, 129, 5.331888100000015
104, 130, 5.364442600000075
108, 128, 5.392904900000303
107, 128, 5.424671300000227
113, 126, 5.460219900000084
114, 126, 5.508764100000008
122, 127, 5.5577518000000055
122, 126, 5.597965000000386
127, 130, 5.63186480000013
127, 128, 5.661144900000181
135, 131, 5.693892799999958
134, 131, 5.720937400000366
139, 135, 5.757007000000158
139, 135, 5.787099500000295
140, 140, 5.8243993999999475
140, 138, 5.853404500000124
142, 145, 5.882068500000059
141, 143, 5.916104400000222
140, 151, 5.948323999999957
139, 149, 5.980477999999948
138, 153, 6.0093635000002905
138, 154, 6.0436712000000625
134, 155, 6.073765699999967
134, 155, 6.104649100000188
132, 154, 6.135999900000115
132, 154, 6.1710870000001705
131, 153, 6.198705600000267
133, 152, 6.234055400000216
133, 149, 6.2639242000000195
132, 149, 6.303373300000203
134, 146, 6.344103000000359
134, 145, 6.375797700000021
135, 143, 6.4073818000001665
136, 143, 6.43878500000028
137, 139, 6.473461800000223
137, 138, 6.516276700000162
138, 136, 6.551227000000381
139, 136, 6.581185300000016
141, 132, 6.61611830000038
140, 132, 6.642737399999987
140, 128, 6.6778384000003825
140, 128, 6.711467399999947
142, 126, 6.7400360999999975
141, 126, 6.774150300000201
143, 126, 6.8042418
143, 126, 6.837980499999958
144, 131, 6.867909000000054
143, 131, 6.9021246000002066
144, 139, 6.93163050000021
144, 138, 6.966125300000385
148, 144, 6.9951748000003136
147, 142, 7.0311656000003495
150, 147, 7.073837200000071
151, 146, 7.10788649999995
153, 145, 7.138775400000213
155, 145, 7.169300800000201
156, 143, 7.198975100000098
156, 142, 7.231989500000054
159, 139, 7.262738100000206
158, 139, 7.2976668000001155
160, 136, 7.325573800000257
159, 135, 7.3595979000001535
160, 132, 7.3894044000003305
160, 132, 7.422970900000109
159, 131, 7.451864300000125
159, 131, 7.486968600000182
160, 130, 7.513423700000203
160, 131, 7.550131899999997
160, 133, 7.593567200000052
159, 133, 7.627131300000201
162, 138, 7.657930700000179
162, 138, 7.686945800000103
165, 142, 7.7202939000003425
164, 142, 7.75513890000002
169, 144, 7.785033300000123
169, 143, 7.8190065000003415
174, 143, 7.848799400000189
174, 142, 7.882774700000027
178, 140, 7.911607600000025
178, 139, 7.94590960000005
181, 134, 7.987817100000029
180, 135, 8.02491800000007
183, 129, 8.054072400000223
181, 130, 8.089087500000005
182, 126, 8.116471900000306
181, 126, 8.151525799999945
179, 124, 8.18214450000005
180, 123, 8.209667900000113
176, 123, 8.244506900000033
176, 122, 8.274874700000055
174, 124, 8.307499100000314
174, 123, 8.339432400000078
172, 129, 8.373678800000107
172, 128, 8.418860799999948
174, 134, 8.452346500000203
173, 133, 8.49735950000013
176, 139, 8.526826700000129
177, 138, 8.561677800000325
179, 141, 8.588942000000316
180, 140, 8.623555200000283
185, 141, 8.653448200000184
186, 141, 8.687858100000085
190, 141, 8.716177000000243
191, 141, 8.75124760000017
195, 139, 8.780292100000224
195, 139, 8.814031600000362
196, 137, 8.851526300000387
197, 136, 8.890499600000112
197, 133, 8.9225007
196, 132, 8.957485600000382
195, 130, 8.98487040000009
195, 129, 9.021245100000215
192, 127, 9.049509500000113
191, 126, 9.084395900000345
189, 126, 9.11119090000011
188, 126, 9.147653600000012
188, 129, 9.174920700000257
187, 129, 9.210303900000326
187, 135, 9.240652899999986
188, 135, 9.269694500000242
193, 140, 9.317482599999948
194, 140, 9.34874600000012
198, 141, 9.380979700000353
198, 141, 9.4177837000002
203, 139, 9.44548150000037
203, 139, 9.481475800000226
205, 134, 9.510353000000123
205, 134, 9.542841599999974
206, 130, 9.574210600000242
207, 130, 9.611331900000096
207, 127, 9.638022300000102
207, 128, 9.67136100000016
209, 126, 9.71643260000019
209, 126, 9.75384269999995
212, 128, 9.781567800000175
211, 127, 9.812796400000025
214, 133, 9.846175900000162
214, 133, 9.878409700000248
216, 139, 9.908213900000192
216, 140, 9.939251300000251
216, 146, 9.973249300000134
217, 146, 10.01605840000002
215, 153, 10.048173600000155
216, 153, 10.081493000000137
210, 157, 10.111954700000297
210, 157, 10.147523099999944
204, 156, 10.180624699999953
204, 155, 10.224891800000023
199, 153, 10.254534700000022
199, 152, 10.285740799999985
199, 150, 10.317943900000046
198, 149, 10.352730200000224
198, 148, 10.380116100000123
197, 148, 10.415621900000133
199, 150, 10.447968800000126
199, 150, 10.47880380000015
201, 153, 10.505803400000332
202, 153, 10.540780499999983
205, 155, 10.580636900000172
205, 155, 10.619852000000265
209, 157, 10.64778350000006
209, 156, 10.682291600000099
215, 158, 10.710713100000248
214, 159, 10.744609200000014
221, 158, 10.778166400000373
221, 159, 10.821401900000183
225, 159, 10.853410500000336
225, 159, 10.888270300000386
225, 158, 10.917034100000365
225, 158, 10.950449899999967
223, 156, 10.980138100000204
223, 157, 11.014598900000237
219, 152, 11.044268999999986
219, 151, 11.07627279999997
