89, 98, 0.0300068999999894
89, 96, 0.08897030000025552
88, 97, 0.12909710000030827
88, 96, 0.164865600000212
87, 96, 0.19498090000024604
86, 95, 0.2280233000001317
86, 95, 0.2562824999999975
86, 95, 0.2898993000003429
86, 96, 0.320178400000259
84, 96, 0.3525984000002609
85, 96, 0.3835591000001841
83, 95, 0.41564880000032645
84, 95, 0.44752720000042245
83, 94, 0.48098650000019916
83, 94, 0.5145245000003342
83, 93, 0.5424927000003663
82, 93, 0.5747865000003003
83, 92, 0.6052554000002601
83, 93, 0.6370103000003837
83, 92, 0.6689900999999736
82, 93, 0.696724500000073
82, 91, 0.7238396000002467
83, 93, 0.7650168000000122
81, 92, 0.7967294000000038
82, 93, 0.825597900000048
82, 93, 0.8529596000003039
83, 93, 0.8917012000001705
82, 94, 0.9230314999999791
82, 93, 0.9565274999999929
82, 92, 0.9872177000002011
82, 92, 1.0186431000001903
82, 89, 1.050229400000262
81, 89, 1.076873400000295
78, 86, 1.1133942000001298
78, 86, 1.144332200000008
75, 84, 1.17590650000011
76, 84, 1.2101196000003256
71, 83, 1.2395125000002736
70, 83, 1.2723716000000422
66, 84, 1.3038456000003862
63, 85, 1.3345345000002453
60, 87, 1.368456900000183
60, 87, 1.3985562000002574
58, 92, 1.4314911000001302
59, 92, 1.4622278000001643
58, 97, 1.4965349000003698
58, 97, 1.5272101000000475
60, 103, 1.559740800000327
59, 102, 1.5880917000004047
62, 108, 1.6241414000000987
60, 107, 1.66941450000013
64, 112, 1.7050570000001244
63, 111, 1.7443787000001976
67, 114, 1.7716708000002654
67, 113, 1.8072479000002204
74, 113, 1.8373508000004222
74, 113, 1.869629900000291
77, 110, 1.8968977000004088
78, 110, 1.9344896000002336
80, 108, 1.9644588000001022
81, 108, 1.9949078000004192
82, 105, 2.0269391000001633
82, 105, 2.0601757000004
84, 102, 2.104903000000377
83, 102, 2.1406103000003895
83, 99, 2.1692714000000706
82, 99, 2.2021928000003754
81, 98, 2.232386800000313
81, 98, 2.2643698000001677
81, 99, 2.2958222000002024
80, 99, 2.329521999999997
79, 101, 2.3721362000001136
79, 101, 2.4050861000000623
79, 104, 2.4351629000002504
79, 102, 2.468970000000354
79, 106, 2.497001100000034
80, 107, 2.530363000000307
80, 110, 2.570495800000117
79, 110, 2.6077109000002565
83, 113, 2.637569900000017
81, 113, 2.669561800000338
84, 116, 2.702291700000387
83, 116, 2.7317409000002044
86, 116, 2.7652822000000015
86, 116, 2.7991963000004034
87, 118, 2.8290984000000208
87, 118, 2.8629609000004166
88, 117, 2.892656100000295
89, 117, 2.925586900000326
90, 117, 2.9676343000000998
91, 116, 3.0045758000001115
88, 114, 3.031784400000106
89, 114, 3.067216500000086
87, 109, 3.097259099999974
88, 109, 3.1330101000003197
88, 106, 3.1768793000001097
90, 105, 3.209930600000007
90, 101, 3.2390352000002167
91, 102, 3.2722140000000763
94, 100, 3.3012368000004244
95, 100, 3.3372157000003426
97, 98, 3.3800178999999844
97, 97, 3.411514100000204
101, 96, 3.4431180000001405
103, 97, 3.4778135999999904
106, 97, 3.5068282000002
107, 97, 3.540832500000306
109, 100, 3.569276400000035
110, 101, 3.605433400000038
111, 104, 3.632737200000065
112, 104, 3.6676970000003166
111, 111, 3.6967882000003556
112, 110, 3.7305214000002707
111, 112, 3.760028600000169
110, 113, 3.7927913000003173
110, 113, 3.8316861000002973
111, 113, 3.8765620000003764
110, 110, 3.917924700000185
110, 109, 3.9514923000001545
108, 103, 3.9821594000000005
109, 102, 4.0094215000003715
106, 97, 4.045663500000046
106, 95, 4.07857950000016
102, 93, 4.109787300000335
102, 93, 4.141576700000314
96, 95, 4.167981600000076
95, 93, 4.206389600000421
92, 96, 4.2354826000000685
91, 96, 4.269697300000189
90, 100, 4.298913500000253
89, 101, 4.337990800000171
87, 106, 4.379160800000136
87, 105, 4.412727100000211
89, 112, 4.442265300000145
89, 111, 4.471327700000074
91, 116, 4.515372000000298
92, 116, 4.553057900000113
98, 121, 4.582083000000239
96, 121, 4.613918000000012
102, 121, 4.650426000000152
102, 122, 4.6801736000002165
105, 118, 4.707245100000364
106, 118, 4.745247100000142
107, 112, 4.775311800000054
106, 111, 4.807499600000028
106, 108, 4.839453000000049
106, 107, 4.873424700000214
106, 105, 4.904102700000294
106, 105, 4.938764400000309
105, 104, 4.9672654000000875
105, 104, 5.005042600000252
106, 105, 5.048244700000396
106, 105, 5.082226900000023
105, 107, 5.112175200000365
105, 108, 5.1451467000001685
105, 113, 5.175036000000091
103, 111, 5.209013600000162
106, 118, 5.235709100000349
107, 117, 5.271173700000418
109, 121, 5.300369300000057
110, 121, 5.340610900000229
112, 122, 5.3789388000000145
113, 122, 5.413001200000053
115, 122, 5.445052600000054
116, 122, 5.477906800000255
121, 118, 5.507000900000094
119, 118, 5.543028500000219
122, 114, 5.57093950000035
121, 112, 5.605051800000183
120, 105, 5.63505830000031
121, 105, 5.668930900000305
119, 99, 5.698992000000089
119, 97, 5.731020800000351
121, 92, 5.766314400000283
120, 91, 5.795522300000357
126, 88, 5.826753199999985
127, 88, 5.8558067000003575
133, 86, 5.889041300000372
133, 84, 5.929085300000224
137, 87, 5.96089370000027
140, 86, 6.000880200000211
143, 94, 6.032705700000406
143, 94, 6.066166600000088
141, 100, 6.093255500000396
141, 100, 6.128589600000396
136, 106, 6.159556200000225
135, 106, 6.194128300000102
132, 109, 6.23653800000011
131, 111, 6.271204900000157
131, 110, 6.300480000000334
130, 110, 6.3347467000003235
130, 109, 6.364366300000256
129, 110, 6.397815100000116
129, 109, 6.427507300000343
130, 106, 6.460120600000209
132, 105, 6.495191200000136
134, 104, 6.5272681000001285
137, 101, 6.568795600000158
139, 101, 6.603307700000187
143, 101, 6.633514800000285
144, 100, 6.66744430000017
150, 102, 6.69705440000007
151, 102, 6.729239700000107
160, 108, 6.759193200000027
158, 107, 6.793847400000232
165, 116, 6.8254289999999855
166, 115, 6.854670000000169
167, 127, 6.888272500000312
167, 126, 6.919649200000094
168, 136, 6.951463300000341
166, 133, 6.984297200000128
169, 147, 7.027186600000277
169, 145, 7.06114720000005
164, 153, 7.091144200000144
164, 153, 7.125343000000157
155, 158, 7.154981099999986
152, 159, 7.18729650000023
143, 156, 7.223637000000053
141, 155, 7.277274600000055
138, 149, 7.304606200000308
140, 150, 7.346180900000036
135, 138, 7.377889400000186
136, 140, 7.408979799999997
137, 128, 7.439470000000256
137, 127, 7.478536700000404
136, 125, 7.51789030000009
136, 125, 7.549864700000398
141, 123, 7.578822899999977
141, 122, 7.61280940000006
147, 120, 7.644657600000301
147, 118, 7.675836000000345
152, 117, 7.7077564000001075
152, 115, 7.74172550000003
158, 115, 7.774425200000223
159, 115, 7.807629300000372
163, 112, 7.8503553000000466
167, 111, 7.882923200000278
166, 110, 7.91213020000032
167, 110, 7.942614000000049
170, 108, 7.976651700000275
170, 108, 8.008029000000079
172, 104, 8.04181570000037
172, 104, 8.072247100000368
173, 100, 8.102804000000106
173, 100, 8.135255500000312
172, 97, 8.166594700000132
172, 96, 8.201072300000305
172, 96, 8.23018890000003
170, 97, 8.280561900000066
171, 97, 8.310571299999992
169, 102, 8.343782500000088
169, 102, 8.374113000000307
169, 103, 8.40626229999998
169, 108, 8.437511700000414
169, 108, 8.468867700000374
169, 115, 8.501129400000082
170, 114, 8.534008600000107
171, 120, 8.565533700000287
171, 118, 8.597133200000371
172, 123, 8.627661900000021
175, 125, 8.682068500000241
174, 125, 8.710984600000302
177, 123, 8.754030500000226
177, 124, 8.789165500000308
177, 123, 8.81869850000021
179, 119, 8.850862700000107
179, 119, 8.880112900000313
181, 115, 8.912990300000274
181, 115, 8.940112800000406
182, 112, 8.977463100000023
182, 111, 9.008830300000227
181, 108, 9.038691400000062
180, 108, 9.081315500000073
180, 106, 9.11132280000038
179, 109, 9.149936400000115
179, 108, 9.179970500000309
179, 111, 9.205732500000067
179, 112, 9.244958000000224
180, 112, 9.275959100000364
179, 116, 9.309275300000081
178, 116, 9.341025800000352
179, 122, 9.36971080000012
180, 122, 9.408837200000107
182, 128, 9.455625800000234
186, 129, 9.483134200000222
187, 129, 9.515878300000168
189, 129, 9.545908500000223
189, 129, 9.579828000000361
192, 126, 9.608702500000163
194, 126, 9.641674000000421
194, 126, 9.67184750000024
195, 122, 9.703100200000335
195, 120, 9.734426100000292
194, 115, 9.769888300000275
194, 114, 9.80040420000023
192, 110, 9.830407500000092
190, 105, 9.88161160000027
190, 105, 9.908656600000086
191, 102, 9.948138900000231
191, 101, 9.989132400000017
193, 102, 10.020957600000202
193, 103, 10.056374100000085
193, 102, 10.08415960000002
194, 105, 10.113139000000047
193, 106, 10.148116800000025
196, 108, 10.18634910000037
195, 109, 10.228458100000353
198, 112, 10.262048600000071
202, 113, 10.292771800000082
201, 113, 10.326452800000425
202, 114, 10.356356400000095
202, 114, 10.38526710000042
202, 117, 10.420301399999971
202, 117, 10.454885000000104
205, 121, 10.484309600000415
204, 121, 10.513292300000103
204, 121, 10.54739040000004
209, 127, 10.583315000000312
208, 126, 10.610693300000094
214, 128, 10.646797700000207
217, 128, 10.681685400000333
217, 127, 10.724728600000162
223, 124, 10.755236700000296
223, 121, 10.784269900000254
228, 116, 10.819190900000194
229, 115, 10.849428100000296
231, 110, 10.876435399999991
232, 110, 10.916133200000331
233, 110, 10.9466424000002
230, 103, 10.980247000000418
231, 102, 11.010988200000156
226, 97, 11.045356300000094
220, 94, 11.079015400000117
221, 94, 11.124926100000266
218, 94, 11.153841600000305
218, 94, 11.188217100000202
217, 101, 11.218249800000194
216, 101, 11.252020900000389
215, 109, 11.285263100000066
215, 109, 11.316152400000192
217, 114, 11.344092799999999
216, 115, 11.37777640000013
215, 114, 11.406703200000265
221, 119, 11.440882800000054
224, 120, 11.47078240000019
223, 121, 11.502780799999982
230, 123, 11.544205300000158
228, 122, 11.585288500000388
233, 123, 11.614068600000337
233, 123, 11.64969659999997
236, 120, 11.67883780000011
236, 120, 11.707571100000223
238, 118, 11.742297200000394
237, 118, 11.77567420000014
238, 118, 11.805569999999989
238, 113, 11.839664600000106
239, 107, 11.871709400000327
237, 105, 11.903568800000357
240, 103, 11.942886499999986
240, 101, 11.982726500000354
248, 102, 12.011417200000324
247, 103, 12.041188800000327
253, 105, 12.075180400000136
252, 105, 12.109260100000029
258, 111, 12.139609199999995
257, 110, 12.174092900000232
260, 117, 12.201060600000346
259, 116, 12.236449800000173
257, 123, 12.2660264000001
257, 123, 12.300091500000235
250, 126, 12.328284300000178
251, 128, 12.361904500000037
243, 127, 12.409229400000186
244, 127, 12.444800200000373
239, 125, 12.487271899999996
240, 125, 12.520701300000383
239, 123, 12.548952200000258
241, 124, 12.579462400000011
243, 122, 12.611268100000416
242, 123, 12.645288600000185
251, 122, 12.680349500000375
249, 122, 12.709299900000133
257, 123, 12.741878100000122
255, 123, 12.773050500000409
264, 125, 12.80780040000036
264, 125, 12.85265440000012
270, 127, 12.881965300000047
269, 128, 12.91665170000033
272, 130, 12.946997900000042
273, 132, 12.977213099999972
271, 132, 13.009114500000123
271, 131, 13.042121599999973
268, 130, 13.07350310000038
269, 130, 13.102110100000118
268, 129, 13.136496200000238
268, 130, 13.168693900000108
269, 130, 13.199644799999987
268, 130, 13.229536700000153
