133, 112, 0.026200599999810947
133, 111, 0.0799870999999257
131, 111, 0.10751349999964077
133, 111, 0.1414810999999645
130, 110, 0.17352029999983642
130, 110, 0.20504140000002735
130, 111, 0.23821289999978035
128, 110, 0.2681344999996327
129, 110, 0.29846439999982977
128, 111, 0.3302931999996872
128, 111, 0.3622848999998496
128, 111, 0.39299279999977443
127, 110, 0.4242637999996077
127, 110, 0.45615459999999075
126, 110, 0.4872411999999713
126, 111, 0.5193884000000253
125, 111, 0.5522243999998864
124, 111, 0.5894773999998506
124, 111, 0.6167066999996678
124, 111, 0.6521557999999459
123, 112, 0.6792775999997502
124, 112, 0.711391299999832
124, 112, 0.740302299999712
124, 112, 0.7770395999996254
125, 112, 0.8217082999999548
125, 112, 0.8552021000000423
126, 113, 0.8841803999998774
126, 113, 0.918347199999971
127, 113, 0.9505319999998392
126, 112, 0.9881424999998671
126, 112, 1.0303162000000157
123, 111, 1.0594312999996873
123, 111, 1.0937593999997262
119, 111, 1.1237718999996105
119, 111, 1.1575840000000426
113, 113, 1.188098799999807
113, 114, 1.2186756999999488
111, 114, 1.256087799999932
108, 117, 1.3032168999998248
110, 118, 1.3483598999996502
105, 122, 1.3804785999996056
108, 129, 1.4073694999997315
109, 130, 1.4440499999996064
115, 135, 1.4735623999999916
115, 135, 1.5106518999996297
121, 136, 1.5528027999998812
126, 132, 1.5849303999998483
133, 127, 1.6433505999998488
133, 126, 1.6829516999996486
135, 120, 1.7137241999998878
136, 115, 1.790271699999721
135, 116, 1.818609099999776
135, 113, 1.8531591999999364
135, 114, 1.8861678999996911
136, 114, 1.9159637999996448
136, 115, 1.944605899999715
137, 118, 1.9796390999999858
137, 119, 2.012286299999687
138, 125, 2.0429494999998496
138, 125, 2.075305500000013
139, 125, 2.1051754999998593
139, 131, 2.1387690999999904
143, 132, 2.171135999999933
143, 133, 2.19878319999998
145, 132, 2.2539667999999438
145, 133, 2.2842726999997467
147, 129, 2.31553249999979
150, 129, 2.3575051999996504
149, 124, 2.387527599999885
150, 124, 2.420832999999675
149, 121, 2.4510827999997673
150, 121, 2.48504099999991
152, 120, 2.5134665999999015
154, 118, 2.5468723999997565
159, 115, 2.5772439999996095
158, 116, 2.6117402999998376
161, 117, 2.652034199999889
162, 115, 2.6916400999998586
164, 118, 2.721475599999849
164, 118, 2.7569673999996667
167, 122, 2.7842931999998655
167, 122, 2.8189377999997305
167, 120, 2.847621199999594
167, 120, 2.8813867999997456
165, 116, 2.9089178999997785
165, 117, 2.9434077999999317
165, 116, 2.9732455999997
162, 112, 3.007535999999618
157, 111, 3.0371252999998433
157, 111, 3.0715126999998574
155, 115, 3.1167407999996612
155, 115, 3.1490850000000137
155, 118, 3.1810004999997545
154, 118, 3.212798799999746
153, 123, 3.2461497999997846
153, 123, 3.280109099999663
157, 128, 3.321759199999633
156, 128, 3.3539410999997017
160, 131, 3.385941499999717
159, 129, 3.4186783999998624
165, 130, 3.448311999999987
163, 130, 3.481682799999817
168, 128, 3.5174686000000293
168, 128, 3.5624422999999297
170, 124, 3.5920210999997835
171, 124, 3.623609899999792
169, 121, 3.6557794999998805
170, 120, 3.6904437999996844
169, 119, 3.719361899999967
168, 118, 3.7549598999999034
167, 118, 3.784146899999996
167, 118, 3.8180012999996507
167, 122, 3.8483189999997194
167, 121, 3.8793637999997372
169, 128, 3.9168972999996186
169, 128, 3.960439099999803
171, 132, 3.990390799999659
171, 132, 4.023603699999967
174, 133, 4.053425099999913
174, 133, 4.092346799999632
175, 131, 4.133437299999969
175, 130, 4.168656299999839
177, 127, 4.199106399999891
177, 126, 4.231423299999733
178, 121, 4.2621956999996655
179, 121, 4.293221499999618
178, 115, 4.32553549999966
179, 116, 4.357200799999646
182, 114, 4.387152199999946
183, 113, 4.4216991999996935
187, 113, 4.451431599999978
187, 111, 4.487510199999633
190, 115, 4.5152782999998635
190, 115, 4.546616399999948
190, 124, 4.579818499999874
189, 123, 4.6094349999998485
184, 125, 4.642576199999894
184, 124, 4.677320699999655
181, 123, 4.706798999999592
182, 123, 4.739788099999714
183, 122, 4.781396899999891
182, 121, 4.818655199999739
185, 119, 4.846492899999703
185, 119, 4.883400100000017
188, 118, 4.915819399999691
188, 118, 4.945260999999846
192, 118, 4.977169499999945
193, 117, 5.010304699999779
195, 118, 5.042673199999626
195, 118, 5.073939200000041
196, 122, 5.103627599999982
197, 123, 5.136358699999619
201, 127, 5.165118099999745
201, 128, 5.199094399999922
202, 134, 5.243737399999645
200, 133, 5.2732913999998345
200, 140, 5.311331599999903
199, 140, 5.341788599999745
197, 146, 5.369900299999699
194, 146, 5.404725899999903
194, 149, 5.441036299999723
191, 148, 5.470340899999883
190, 149, 5.512816599999951
188, 149, 5.545761299999867
184, 147, 5.576138599999922
182, 145, 5.6108925999997155
182, 142, 5.644264099999873
181, 140, 5.671707199999673
182, 134, 5.707711799999743
182, 134, 5.7749321999999665
187, 129, 5.813669899999695
188, 130, 5.8461247000000185
192, 128, 5.87337559999969
192, 126, 5.9086929000000055
198, 122, 5.9429566999997405
199, 122, 5.972889199999827
204, 119, 6.006000699999731
205, 119, 6.036398499999905
209, 116, 6.0714390999996795
210, 116, 6.102527499999724
214, 113, 6.132560399999875
213, 113, 6.163205999999718
217, 111, 6.196007099999861
216, 111, 6.230837999999949
217, 109, 6.258512099999734
216, 109, 6.292762499999753
216, 107, 6.322941799999626
216, 107, 6.355592599999909
215, 107, 6.386716199999682
215, 106, 6.416152599999805
214, 111, 6.448578600000019
215, 110, 6.483918999999787
213, 121, 6.51313059999984
215, 120, 6.545800200000031
215, 128, 6.574928
216, 130, 6.608412499999758
220, 132, 6.638461799999732
218, 132, 6.672165199999654
223, 133, 6.702865099999599
222, 133, 6.732274199999665
225, 130, 6.767195299999912
225, 131, 6.7968896999996105
226, 127, 6.827871199999663
227, 126, 6.867293899999822
225, 124, 6.908077399999911
224, 122, 6.941541799999868
224, 122, 6.972059299999728
224, 123, 7.006818199999998
224, 124, 7.036358299999847
224, 123, 7.068147799999679
225, 126, 7.099707999999737
225, 127, 7.130656199999976
227, 132, 7.16428279999991
226, 133, 7.211187099999734
230, 136, 7.2384408999996595
227, 136, 7.273596699999871
230, 139, 7.300294399999984
228, 140, 7.336515999999847
230, 139, 7.372044499999902
230, 138, 7.414844699999776
235, 135, 7.4425755999996
236, 135, 7.47833079999964
237, 127, 7.50709549999965
236, 129, 7.539963400000033
237, 125, 7.567246799999793
237, 124, 7.604410099999768
237, 120, 7.636117799999738
237, 118, 7.664617199999611
237, 117, 7.69560649999994
238, 116, 7.72700789999999
237, 115, 7.772101300000031
237, 116, 7.814221099999941
238, 116, 7.841149899999891
238, 116, 7.872471299999688
242, 121, 7.901291599999695
240, 121, 7.934737000000041
243, 122, 7.967023799999879
243, 122, 7.999510599999667
245, 123, 8.028222999999798
244, 124, 8.06117789999962
242, 123, 8.09304929999962
244, 123, 8.122881199999938
244, 125, 8.15590519999978
245, 125, 8.18926459999966
244, 130, 8.23679809999976
246, 130, 8.269026399999802
248, 135, 8.302824200000032
247, 134, 8.332819699999618
249, 140, 8.363716699999713
249, 139, 8.393667699999696
256, 140, 8.43164999999999
256, 140, 8.474141299999701
263, 137, 8.50388329999987
263, 135, 8.537540999999692
264, 129, 8.568452699999852
263, 130, 8.597409099999823
262, 125, 8.635792999999921
261, 125, 8.66567269999996
260, 122, 8.700837899999897
260, 122, 8.748692199999823
258, 121, 8.79062649999969
259, 121, 8.8257337
259, 124, 8.856991599999674
259, 124, 8.888164399999823
261, 132, 8.919621799999732
259, 130, 8.951709099999789
262, 137, 8.984703199999785
260, 137, 9.014740099999926
265, 141, 9.046336699999756
264, 142, 9.079114799999843
266, 143, 9.108550299999933
266, 144, 9.14150410000002
269, 143, 9.172102600000017
268, 144, 9.206751299999723
271, 142, 9.236175600000024
271, 142, 9.270610199999737
273, 138, 9.298437699999795
272, 137, 9.330906299999697
275, 132, 9.375183599999673
275, 132, 9.408335399999942
278, 125, 9.445250399999622
278, 127, 9.489493299999594
282, 122, 9.519435700000031
282, 124, 9.555539199999657
287, 122, 9.584119699999974
285, 125, 9.613016699999662
293, 122, 9.647720399999798
291, 122, 9.68623209999987
297, 125, 9.724626799999896
295, 126, 9.75840509999989
302, 126, 9.840428199999678
303, 133, 9.871168299999681
302, 135, 9.898157099999935
298, 141, 9.93589159999965
297, 142, 9.96483629999966
290, 142, 9.997961300000043
289, 141, 10.02902959999983
282, 139, 10.059828699999798
282, 138, 10.092687599999863
281, 135, 10.124571399999695
280, 135, 10.168016999999963
283, 133, 10.20151659999965
284, 133, 10.229141099999651
288, 133, 10.266853399999945
289, 133, 10.294085099999847
294, 133, 10.329505899999731
294, 132, 10.361377400000038
302, 130, 10.392636999999922
302, 132, 10.421618399999716
310, 131, 10.455691899999692
311, 132, 10.488995799999884
316, 132, 10.519358199999715
316, 134, 10.551562499999818
322, 136, 10.584062199999607
322, 136, 10.666018499999609
324, 138, 10.69335299999966
324, 137, 10.726842099999885
325, 139, 10.756692199999634
323, 137, 10.795829599999706
323, 137, 10.834389699999974
323, 137, 10.869407299999693
323, 139, 10.898365199999716
